320
873.139282226562 1017.36413574219 970.8447265625 974.908081054688
876.651794433594 1032.03308105469 977.689025878906 989.596069335938
814.137817382812 1033.77258300781 916.140747070312 991.685668945312
827.411865234375 1048.61975097656 929.584838867188 1005.37249755859
1304.20483398438 1023.314453125 1408.697265625 984.257263183594
830.264526367188 1062.96105957031 932.430847167969 1019.47393798828
914.283874511719 1036.51196289062 1015.92681884766 993.614562988281
832.595031738281 1074.39721679688 937.175109863281 1032.66723632812
652.390380859375 1079.03015136719 745.521484375 1036.04699707031
903.140502929688 1018.0283203125 1002.41101074219 975.657592773438
245.481048583984 1115.5859375 333.619659423828 1070.37231445312
823.226135253906 1009.63586425781 920.998291015625 967.023559570312
605.6552734375 997.120422363281 676.381042480469 951.353210449219
764.431213378906 1141.68176269531 879.660339355469 1099.47839355469
1375.43481445312 1009.68536376953 1476.04797363281 971.386535644531
383.900268554688 1197.92456054688 495.657867431641 1155.23364257812
267.822052001953 1118.998046875 355.936981201172 1074.00964355469
360.61767578125 1147.58471679688 460.911376953125 1103.54602050781
556.819458007812 1175.45739746094 667.518615722656 1133.1328125
264.380401611328 1158.05993652344 362.686065673828 1113.77685546875
509.316680908203 1134.10180664062 611.778564453125 1090.3359375
331.114837646484 1093.98095703125 412.62744140625 1049.68835449219
550.1171875 1131.68188476562 649.619506835938 1089.02917480469
1673.37585449219 1289.87194824219 1823.65209960938 1249.78601074219
1589.18591308594 1311.67248535156 1744.41491699219 1271.58044433594
1505.44970703125 1219.16674804688 1647.25769042969 1179.69116210938
1756.36059570312 1299.97277832031 1907.05944824219 1259.90881347656
1583.85107421875 1227.32556152344 1726.677734375 1187.64807128906
1727.19494628906 1339.89233398438 1884.83483886719 1299.13293457031
1703.55358886719 1295.28991699219 1855.59790039062 1255.03869628906
1703.81945800781 1325.97277832031 1860.197265625 1285.0537109375
1678.12023925781 1323.26525878906 1834.09436035156 1282.33020019531
1662.87390136719 1319.79724121094 1818.65026855469 1278.5517578125
1634.79333496094 1234.16235351562 1774.80139160156 1194.412109375
1623.25146484375 1318.24572753906 1779.46203613281 1277.70178222656
1781.63317871094 1340.92358398438 1937.98498535156 1300.29724121094
1706.23767089844 1341.38879394531 1864.91809082031 1299.99792480469
1630.34533691406 1274.65246582031 1777.80725097656 1233.83874511719
1721.33825683594 1327.8935546875 1876.71826171875 1287.70153808594
1745.23376464844 1345.56665039062 1903.85009765625 1304.18640136719
1655.09912109375 1235.15771484375 1793.82849121094 1194.78063964844
1828.84533691406 1336.68444824219 1984.63208007812 1296.54931640625
1804.53381347656 1323.59716796875 1958.49157714844 1283.14331054688
1784.55334472656 1315.58068847656 1937.51281738281 1275.29284667969
1525.91955566406 1278.98583984375 1678.01245117188 1238.98681640625
1570.65014648438 1013.41577148438 1662.11889648438 976.656677246094
1558.64465332031 1009.64196777344 1649.21569824219 972.582946777344
1546.77612304688 1009.10217285156 1637.716796875 972.124694824219
1353.87939453125 927.092956542969 1423.21984863281 888.63232421875
1527.08142089844 966.014282226562 1603.42626953125 928.726013183594
1567.43518066406 1002.12561035156 1659.08435058594 965.06396484375
1579.63781738281 1019.15106201172 1671.73107910156 982.314514160156
1324.07250976562 927.289123535156 1395.60974121094 888.430480957031
1510.51672363281 1159.92004394531 1639.9560546875 1120.81555175781
1262.00256347656 1016.11126708984 1371.35400390625 975.775329589844
1565.08630371094 1167.86022949219 1691.97277832031 1129.12878417969
1508.44311523438 1147.8095703125 1637.83728027344 1107.853515625
1375.90954589844 1020.77545166016 1474.11779785156 982.424560546875
1514.01721191406 1020.98956298828 1611.41748046875 983.88525390625
683.450134277344 743.029174804688 711.623657226562 693.844360351562
983.725952148438 709.992431640625 1013.97302246094 664.617858886719
846.859985351562 737.02880859375 878.277038574219 690.076049804688
947.662658691406 654.170532226562 969.552612304688 606.988464355469
630.778747558594 754.733032226562 654.811828613281 704.741271972656
917.975036621094 718.624267578125 947.746643066406 672.364685058594
761.309326171875 721.267517089844 786.430541992188 671.978210449219
663.109497070312 766.369445800781 690.721069335938 716.95166015625
969.653686523438 687.172668457031 995.862915039062 641.232116699219
520.724426269531 856.259765625 555.993347167969 807.342529296875
1019.62536621094 692.876525878906 1047.67712402344 647.779541015625
646.239135742188 760.06103515625 673.774169921875 710.169128417969
787.067626953125 666.837707519531 804.929748535156 616.94384765625
818.068359375 740.472839355469 848.736755371094 693.380981445312
730.018310546875 688.225280761719 747.845764160156 637.834106445312
750.682495117188 731.173034667969 777.23828125 681.901000976562
699.806945800781 650.252746582031 711.69775390625 599.332885742188
927.348754882812 712.387023925781 956.416015625 666.14990234375
730.143432617188 678.041870117188 746.9326171875 627.684265136719
659.003295898438 723.702880859375 678.510437011719 673.178100585938
719.001037597656 689.729187011719 736.820922851562 639.30810546875
695.317321777344 701.097534179688 712.671997070312 651.093994140625
741.781555175781 720.973205566406 765.947937011719 672.099792480469
740.014831542969 749.644104003906 769.360961914062 700.547607421875
1000.05236816406 669.200622558594 1024.69030761719 623.622253417969
843.497253417969 702.728210449219 869.776611328125 654.753601074219
832.191955566406 722.195617675781 861.18798828125 675.40625
799.998291015625 719.2548828125 826.723510742188 670.880493164062
668.311462402344 734.763977050781 690.804870605469 685.379455566406
737.179382324219 811.266052246094 781.414367675781 763.775451660156
494.042388916016 846.091857910156 526.090515136719 796.559143066406
1022.43328857422 678.5615234375 1048.4111328125 632.78125
1992.18212890625 805.212463378906 2037.02905273438 774.313659667969
1926.24450683594 767.316589355469 1970.72595214844 735.18017578125
1762.96228027344 729.443603515625 1805.41821289062 696.209716796875
1864.93029785156 750.996337890625 1906.80151367188 718.605895996094
1963.09631347656 777.179565429688 2009.06958007812 745.719604492188
1978.74487304688 780.716430664062 2021.34753417969 749.664916992188
1919.39074707031 781.156372070312 1962.80297851562 749.503601074219
1742.35168457031 753.207641601562 1787.341796875 719.099609375
1888.98046875 745.011169433594 1928.546875 713.146850585938
1905.7509765625 776.422180175781 1950.14831542969 744.42626953125
1842.79125976562 755.620422363281 1885.79064941406 723.179626464844
1966.82629394531 807.459045410156 2011.88305664062 775.993835449219
1907.333984375 764.252868652344 1949.87902832031 732.604797363281
1914.79431152344 753.984497070312 1955.83630371094 722.283081054688
1754.05456542969 721.419067382812 1796.24523925781 687.6064453125
1916.9609375 803.66455078125 1962.15625 771.948486328125
1719.34973144531 736.077026367188 1762.94226074219 702.161437988281
1910.021484375 810.868041992188 1954.95361328125 779.291809082031
2000.37890625 693.980712890625 2028.8955078125 664.208312988281
1711.90502929688 746.461120605469 1756.294921875 712.439392089844
1713.65270996094 682.343811035156 1747.42529296875 647.714172363281
1935.8427734375 798.497131347656 1981.22082519531 766.833679199219
2029.19409179688 835.068115234375 2073.55493164062 803.015930175781
1961.9736328125 788.060424804688 2005.96057128906 756.63818359375
1696.93041992188 756.804138183594 1741.34997558594 722.169799804688
1779.14978027344 736.687194824219 1822.09411621094 703.220153808594
1713.39697265625 670.690551757812 1744.52221679688 636.631164550781
1746.29675292969 705.784240722656 1783.6484375 671.67724609375
1915.04125976562 725.195922851562 1953.30773925781 693.36767578125
1912.28601074219 792.242736816406 1956.76635742188 760.384582519531
1924.84619140625 746.021423339844 1961.96032714844 713.794555664062
1855.41284179688 733.264587402344 1895.126953125 700.927673339844
2000.96130371094 716.072265625 2032.91625976562 685.879089355469
2022.60339355469 799.818237304688 2066.23779296875 768.934204101562
1737.44470214844 770.122619628906 1783.88208007812 736.326171875
1988.13134765625 766.362731933594 2028.90625 735.74853515625
1830.20166015625 762.000610351562 1874.50402832031 729.605163574219
2012.66162109375 780.230590820312 2055.52783203125 749.711853027344
2183.10864257812 387.905426025391 2157.06323242188 362.736389160156
2297.16381835938 450.686767578125 2280.80493164062 426.525024414062
2325.29272460938 532.745849609375 2314.6689453125 510.402801513672
2267.171875 495.862701416016 2253.67846679688 471.898406982422
2084.15087890625 412.271392822266 2066.44775390625 385.204437255859
1890.11730957031 406.984405517578 1872.07312011719 375.153594970703
2131.4189453125 424.312530517578 2113.54418945312 398.037658691406
2272.578125 538.912414550781 2263.990234375 513.394287109375
1959.15515136719 550.011596679688 1966.65893554688 519.324035644531
2160.12060546875 469.778717041016 2149.86059570312 444.743804931641
2121.17553710938 502.171417236328 2114.3583984375 475.134216308594
538.983093261719 913.738464355469 587.988220214844 866.470397949219
523.784362792969 916.640808105469 573.703247070312 869.641052246094
559.166198730469 890.778076171875 605.00390625 843.282592773438
514.726379394531 925.816833496094 563.361999511719 879.0517578125
498.073425292969 901.634643554688 542.436889648438 852.201477050781
503.391784667969 928.938171386719 551.984191894531 881.212036132812
419.628295898438 950.12255859375 467.853942871094 902.518981933594
579.661315917969 911.0869140625 631.056823730469 864.621459960938
557.358093261719 923.864807128906 608.571228027344 877.021667480469
560.449768066406 909.107238769531 609.453002929688 861.952575683594
548.175537109375 918.136962890625 599.139953613281 871.226684570312
395.549530029297 960.141296386719 443.737213134766 912.7939453125
468.749237060547 921.910949707031 514.277893066406 874.73974609375
474.267639160156 905.025512695312 517.935852050781 856.951293945312
530.976928710938 899.266540527344 576.401306152344 851.716918945312
520.061889648438 940.686645507812 572.842102050781 894.144470214844
571.277160644531 895.732971191406 617.425048828125 849.446044921875
541.462829589844 935.660888671875 592.03515625 888.273071289062
592.123596191406 891.9169921875 640.507019042969 844.602722167969
473.659881591797 959.442138671875 524.606018066406 911.559814453125
542.267822265625 955.563720703125 596.313232421875 908.272338867188
452.196105957031 963.30224609375 504.4482421875 916.553466796875
397.584533691406 975.944763183594 449.596801757812 929.671020507812
419.091278076172 931.400756835938 463.930938720703 883.752563476562
419.934112548828 888.827270507812 455.1875 839.403076171875
233.951095581055 458.055206298828 187.456405639648 391.305877685547
416.158050537109 526.02587890625 387.465850830078 464.343353271484
273.722412109375 482.418090820312 231.39094543457 417.117645263672
335.726593017578 476.774871826172 296.547302246094 412.265228271484
263.549530029297 542.033813476562 233.93212890625 478.89013671875
172.975387573242 510.774871826172 133.29052734375 444.990783691406
341.054840087891 467.223266601562 301.961578369141 402.605804443359
297.025451660156 512.762756347656 262.268493652344 449.129821777344
578.215270996094 503.941680908203 555.552429199219 445.271728515625
554.9306640625 508.253601074219 530.336669921875 448.981536865234
611.40625 453.799133300781 583.821228027344 393.662658691406
345.311004638672 483.162048339844 307.030059814453 419.047546386719
328.898101806641 554.425903320312 304.592132568359 492.802490234375
691.249694824219 456.748413085938 666.115112304688 399.196594238281
588.605285644531 462.972564697266 560.404052734375 402.532440185547
453.666656494141 527.217712402344 428.517425537109 466.888946533203
221.531982421875 522.498962402344 185.076461791992 457.981170654297
444.58251953125 538.063598632812 418.233520507812 477.627319335938
388.987091064453 549.938232421875 366.400756835938 489.033935546875
609.230590820312 507.195129394531 586.603698730469 448.655487060547
287.529205322266 550.20068359375 259.51806640625 487.694000244141
450.109405517578 562.148681640625 432.076019287109 502.546264648438
973.738830566406 464.264282226562 962.680236816406 412.800903320312
1173.9423828125 466.848876953125 1165.3671875 420.240814208984
949.268188476562 473.319244384766 938.735717773438 421.388763427734
1324.43273925781 440.283081054688 1315.1962890625 395.806396484375
1343.15844726562 414.128814697266 1330.68420410156 369.925872802734
1201.04235839844 426.868896484375 1187.41711425781 379.278564453125
1309.73205566406 405.857818603516 1296.31420898438 360.213409423828
1248.65209960938 423.263885498047 1236.28771972656 377.249176025391
1096.76452636719 478.918304443359 1088.75036621094 430.815063476562
1214.80883789062 491.341827392578 1211.37878417969 446.151062011719
1500.27429199219 409.13818359375 1489.67602539062 367.154479980469
1165.93273925781 453.083557128906 1155.71240234375 405.63916015625
1745.296875 451.661682128906 1739.9833984375 416.68994140625
2256.9267578125 615.077453613281 2268.23291015625 590.239868164062
2324.08374023438 600.027587890625 2328.42211914062 576.368286132812
1893.43359375 542.223876953125 1897.64489746094 510.8837890625
2296.87280273438 605.15185546875 2304.12524414062 581.55029296875
1922.25378417969 231.526763916016 1936.40405273438 200.750457763672
2340.77465820312 640.595581054688 2349.97314453125 617.259216308594
2367.45581054688 618.524291992188 2373.27099609375 596.049194335938
2230.8369140625 584.614196777344 2237.30395507812 559.801696777344
1792.05261230469 235.626037597656 1784.95263671875 200.063751220703
2279.96142578125 599.756774902344 2287.75463867188 575.499389648438
2241.6416015625 590.204467773438 2249.36669921875 565.642944335938
1765.28833007812 578.854553222656 1784.8203125 544.999938964844
1914.27197265625 576.766296386719 1930.30480957031 546.011596679688
1743.19567871094 554.190979003906 1757.6376953125 520.383361816406
2355.44995117188 644.539367675781 2365.24340820312 621.155517578125
1869.40454101562 446.941345214844 1861.68640136719 414.731628417969
2271.24633789062 586.159484863281 2275.96118164062 562.002014160156
2349.56201171875 621.026916503906 2356.34814453125 597.974853515625
1706.0830078125 465.280792236328 1699.91589355469 429.686706542969
1790.64379882812 430.316955566406 1780.32336425781 396.503723144531
2348.49145507812 532.424865722656 2336.53662109375 510.504974365234
1532.30932617188 1183.57678222656 1667.54724121094 1145.55224609375
1636.25207519531 1254.51733398438 1777.81042480469 1213.62963867188
1518.28784179688 1267.10827636719 1668.43444824219 1226.90551757812
1581.96008300781 1206.03759765625 1718.994140625 1167.68664550781
1519.0234375 1239.90930175781 1663.04382324219 1199.46154785156
1560.80358886719 1215.62072753906 1702.24291992188 1175.98901367188
1529.32299804688 1292.69885253906 1683.01379394531 1252.00646972656
1577.16723632812 1217.09606933594 1719.15783691406 1177.97009277344
1647.072265625 1244.15637207031 1788.65930175781 1204.01049804688
1500.36047363281 1208.34533691406 1641.23413085938 1168.87365722656
1554.00695800781 1188.70556640625 1686.63696289062 1148.82739257812
1488.96105957031 1213.31335449219 1629.80651855469 1173.71948242188
1448.82849121094 1236.23718261719 1594.69555664062 1196.93957519531
352.79443359375 475.684265136719 314.654754638672 411.326721191406
346.929473876953 540.781188964844 321.348999023438 478.992370605469
207.692260742188 461.230133056641 159.85905456543 394.240020751953
401.315612792969 535.0283203125 374.301544189453 473.524749755859
579.338012695312 454.022552490234 549.942749023438 393.716796875
194.975936889648 507.333557128906 153.44889831543 442.358978271484
186.573303222656 515.975036621094 146.446075439453 450.858856201172
545.10302734375 545.388000488281 529.590942382812 487.301483154297
336.185211181641 531.236022949219 307.030700683594 468.665374755859
214.001205444336 473.199920654297 166.058059692383 406.176818847656
208.788070678711 573.354614257812 180.911209106445 510.673645019531
1486.92163085938 416.305603027344 1477.22045898438 375.457855224609
1165.93273925781 453.083557128906 1155.71240234375 405.63916015625
1287.60754394531 547.891906738281 1296.91857910156 505.109832763672
1354.61926269531 505.977600097656 1355.05651855469 463.73486328125
1569.7119140625 429.708953857422 1561.99755859375 391.007537841797
2212.54321289062 393.906066894531 2185.60009765625 368.430450439453
2142.39721679688 417.249786376953 2125.11987304688 391.886932373047
2034.2138671875 440.561157226562 2021.36364746094 412.036743164062
2334.45654296875 519.488647460938 2322.2802734375 497.4814453125
2348.49145507812 532.424865722656 2336.53662109375 510.504974365234
2319.24267578125 398.383758544922 2288.3701171875 376.106872558594
2298.77563476562 408.801879882812 2269.18603515625 386.723876953125
2175.69970703125 1465.45703125 2332.29809570312 1420.09326171875
1960.52990722656 1315.34448242188 2106.31567382812 1275.37390136719
2060.2041015625 1406.5 2216.1416015625 1363.34704589844
1878.1875 1320.90747070312 2028.06481933594 1280.92028808594
2040.79235839844 1405.23059082031 2198.59545898438 1362.53210449219
2001.5009765625 1373.80139160156 2153.17724609375 1330.74633789062
2051.61010742188 1415.93347167969 2210.20166015625 1373.21960449219
2183.92358398438 1498.50659179688 2341.65698242188 1451.66906738281
1949.70483398438 1303.28552246094 2092.244140625 1263.02514648438
1923.93823242188 1311.83898925781 2068.30200195312 1271.28771972656
2184.89477539062 1441.6181640625 2333.142578125 1396.24084472656
2200.86743164062 1389.123046875 2337.197265625 1345.90661621094
2185.27709960938 1393.62329101562 2322.21655273438 1349.83093261719
2152.90600585938 1478.25048828125 2310.30688476562 1432.041015625
1911.23181152344 1318.04113769531 2059.1455078125 1277.74328613281
2175.9130859375 1384.52783203125 2313.73803710938 1342.42065429688
2145.45654296875 1457.58251953125 2302.30737304688 1412.34423828125
2167.25463867188 1425.8046875 2313.31469726562 1381.42114257812
2113.66748046875 1426.07104492188 2267.00073242188 1381.75598144531
1930.47302246094 1337.70874023438 2078.275390625 1296.89685058594
2156.79150390625 1495.47338867188 2313.51342773438 1448.21179199219
848.78955078125 1029.28674316406 951.934387207031 985.975891113281
867.618041992188 1042.46911621094 971.001525878906 1000.90148925781
862.543579101562 1012.83947753906 960.272521972656 970.247619628906
802.831237792969 1032.43640136719 901.462463378906 988.811584472656
604.960998535156 1027.41186523438 681.109313964844 982.317626953125
1101.99096679688 1123.14074707031 1222.607421875 1082.76818847656
831.870971679688 1117.29809570312 944.347778320312 1075.38366699219
718.961364746094 1075.97924804688 819.505920410156 1032.73217773438
1652.82080078125 659.252563476562 1682.59167480469 622.570190429688
1706.40576171875 737.240905761719 1752.74328613281 702.281494140625
1522.6806640625 669.982238769531 1556.66467285156 632.371398925781
1681.30834960938 542.827819824219 1693.451171875 507.419006347656
1768.22766113281 542.063781738281 1780.23095703125 508.199279785156
1501.61499023438 655.913391113281 1530.04162597656 616.99853515625
1738.82019042969 718.215270996094 1779.14208984375 683.867431640625
1631.64270019531 636.328979492188 1655.80163574219 600.7900390625
1561.25549316406 689.908813476562 1600.08447265625 653.408630371094
1572.73107910156 539.350708007812 1583.21020507812 502.497222900391
1780.27893066406 542.706481933594 1792.43530273438 509.581634521484
2026.94287109375 1718.26062011719 2238.14990234375 1663.58996582031
1915.90881347656 1605.27661132812 2115.13525390625 1555.2255859375
1981.9462890625 1657.986328125 2181.31567382812 1606.017578125
1958.55493164062 1600.36572265625 2154.29516601562 1549.955078125
2018.26550292969 1664.92834472656 2219.07397460938 1613.32336425781
1009.05456542969 541.618408203125 1014.58233642578 493.156768798828
593.603942871094 644.086791992188 597.4521484375 590.255554199219
349.669128417969 780.260681152344 361.660339355469 726.218811035156
790.102172851562 473.023529052734 770.582824707031 418.103973388672
804.915893554688 704.031127929688 830.16455078125 655.598266601562
800.18017578125 547.041931152344 796.952697753906 494.257232666016
213.173583984375 612.343627929688 190.837020874023 551.325073242188
832.022766113281 509.957763671875 820.794372558594 456.415222167969
682.516784667969 463.882751464844 656.630737304688 405.274078369141
400.104125976562 741.947509765625 408.256713867188 688.022155761719
341.387176513672 768.037170410156 350.987670898438 714.69091796875
1026.16040039062 487.462036132812 1019.50457763672 437.830627441406
259.486511230469 794.074523925781 270.429473876953 740.21728515625
724.246154785156 631.779968261719 733.458312988281 579.780639648438
800.027038574219 479.972015380859 783.548400878906 425.795196533203
1756.57971191406 1334.71911621094 1912.8017578125 1293.47692871094
1821.90661621094 1327.13671875 1976.3876953125 1286.52478027344
1858.78125 1304.60510253906 2004.90869140625 1264.61596679688
