351
522.106689453125 917.86181640625 572.228942871094 870.549133300781
557.433288574219 892.325378417969 603.268127441406 844.725036621094
496.772155761719 902.720458984375 541.232421875 854.306640625
916.13037109375 685.008056640625 940.954711914062 637.852172851562
578.052978515625 913.535949707031 629.335754394531 866.680969238281
462.472869873047 932.981384277344 509.822326660156 885.231201171875
846.879150390625 738.187072753906 878.71044921875 691.005065917969
458.150299072266 922.074401855469 502.939636230469 873.995727539062
948.097412109375 654.97900390625 970.026977539062 607.605590820312
546.80322265625 918.842956542969 596.192260742188 871.273986816406
579.329284667969 886.214782714844 625.198608398438 838.454284667969
761.445190429688 722.845825195312 786.593688964844 673.669006347656
951.758911132812 716.68212890625 983.461608886719 670.634643554688
956.405029296875 703.046997070312 985.108276367188 657.720275878906
649.863525390625 743.322570800781 673.211730957031 692.971740722656
518.985473632812 858.117919921875 554.052124023438 809.144287109375
733.314697265625 739.133911132812 759.937194824219 689.916198730469
665.065612792969 754.477111816406 690.647705078125 704.872924804688
836.765014648438 713.914123535156 863.392333984375 666.179260253906
968.0322265625 704.493835449219 996.798950195312 658.400573730469
968.86328125 689.095886230469 994.943115234375 642.962463378906
313.808074951172 769.517028808594 324.030731201172 715.857360839844
333.679260253906 794.643920898438 348.133636474609 741.125549316406
788.612976074219 719.02099609375 813.984924316406 670.379333496094
963.875305175781 676.175903320312 987.842224121094 628.667907714844
499.134704589844 891.156127929688 542.639038085938 843.117004394531
473.260498046875 959.985107421875 522.991516113281 911.946411132812
652.666320800781 756.877197265625 678.060913085938 707.276672363281
544.708862304688 867.953063964844 585.895263671875 819.064636230469
720.706665039062 692.210144042969 738.186767578125 641.814819335938
662.345458984375 769.161071777344 691.375854492188 719.459716796875
723.999755859375 732.100646972656 748.30322265625 683.022399902344
741.204711914062 750.874877929688 770.511535644531 701.8173828125
696.786560058594 721.171508789062 717.839721679688 671.009216308594
999.476135253906 670.887634277344 1023.85980224609 624.98095703125
248.612411499023 912.158508300781 275.061553955078 862.421447753906
236.662567138672 457.181671142578 190.360687255859 390.301513671875
337.364807128906 478.019012451172 298.723419189453 413.596862792969
579.278869628906 504.194854736328 556.4560546875 445.511352539062
567.437072753906 475.256408691406 540.345581054688 415.162536621094
777.296020507812 419.337768554688 748.632202148438 361.527862548828
195.780456542969 506.830535888672 154.897766113281 441.259674072266
530.70751953125 432.397918701172 492.705261230469 369.626739501953
229.978805541992 532.399291992188 197.016952514648 467.841125488281
298.5283203125 510.993286132812 264.826354980469 446.911163330078
224.093994140625 521.170349121094 188.818267822266 455.222869873047
590.313415527344 462.517150878906 562.086486816406 402.061828613281
393.551513671875 488.669860839844 357.511383056641 425.165588378906
444.635101318359 536.194396972656 419.525054931641 475.440032958984
555.017150878906 457.842041015625 525.1591796875 396.777313232422
392.250152587891 472.058715820312 355.482086181641 408.204956054688
608.355407714844 507.011657714844 586.1171875 448.670806884766
330.734283447266 553.874389648438 306.481567382812 491.838256835938
614.776123046875 453.055206298828 586.734008789062 392.856597900391
711.7060546875 461.386840820312 688.12158203125 404.022705078125
287.652709960938 549.274841308594 260.125701904297 486.740600585938
476.705871582031 533.597290039062 455.773254394531 473.731506347656
347.806213378906 533.06787109375 321.404998779297 471.151458740234
188.639801025391 474.255676269531 140.611129760742 407.221984863281
1574.07446289062 1002.7412109375 1665.32458496094 965.688232421875
1315.06274414062 1030.74011230469 1422.57507324219 990.943969726562
877.601501464844 1007.79040527344 974.525390625 965.084106445312
1530.5322265625 1155.912109375 1659.81237792969 1116.17724609375
906.986206054688 1015.40161132812 1006.61993408203 973.052124023438
880.293762207031 1044.60375976562 981.225891113281 1002.96185302734
1315.70751953125 1016.96044921875 1420.42907714844 977.592468261719
1145.7548828125 998.152954101562 1238.60070800781 957.2900390625
1550.2490234375 1000.2529296875 1640.95178222656 963.086853027344
846.46923828125 1030.80773925781 948.060791015625 988.708312988281
673.467834472656 1096.97302246094 773.345825195312 1054.11633300781
835.12109375 1115.43298339844 946.358581542969 1073.13708496094
1498.20922851562 990.977905273438 1587.04406738281 953.707458496094
659.434020996094 1074.01281738281 752.468322753906 1030.67700195312
836.013427734375 1006.69146728516 934.563781738281 964.333068847656
1072.44079589844 1005.27844238281 1168.57458496094 963.7548828125
1137.27709960938 992.274658203125 1230.33203125 951.427734375
1445.65979003906 1066.02648925781 1550.13842773438 1027.06823730469
1535.3984375 994.677856445312 1624.34973144531 957.265441894531
1071.52709960938 992.018676757812 1167.2216796875 950.578063964844
907.884399414062 1003.92449951172 1007.58776855469 961.914794921875
1159.98791503906 996.0009765625 1252.552734375 955.459411621094
1580.68041992188 1011.23333740234 1671.90576171875 974.194396972656
1320.04382324219 1005.73400878906 1421.36303710938 966.877807617188
1681.80529785156 1265.58190917969 1829.63549804688 1225.81823730469
1746.46166992188 1302.24829101562 1899.97668457031 1262.97766113281
1938.90197753906 1287.95336914062 2082.9677734375 1248.63049316406
1956.95275878906 1292.91076660156 2098.71728515625 1251.888671875
1669.10412597656 1291.3466796875 1825.59899902344 1252.66711425781
1799.42224121094 1306.26232910156 1952.537109375 1265.93212890625
1759.01635742188 1281.37670898438 1907.181640625 1241.09594726562
1873.34655761719 1302.64953613281 2021.33544921875 1262.39477539062
1714.73913574219 1284.53369140625 1866.3515625 1245.50476074219
1613.59008789062 1294.16174316406 1766.47131347656 1253.36755371094
1787.41943359375 1319.65979003906 1941.61120605469 1278.75842285156
1917.55603027344 1316.07788085938 2064.52490234375 1275.33178710938
1851.9560546875 1306.16076660156 2000.0419921875 1265.80285644531
1596.76184082031 1317.02197265625 1749.91137695312 1277.06103515625
1756.84399414062 1330.25769042969 1912.59338378906 1289.28820800781
1695.32202148438 1295.58337402344 1847.96704101562 1256.478515625
1826.36206054688 1311.2509765625 1979.21594238281 1271.18786621094
1966.39416503906 1288.30114746094 2108.70385742188 1248.64111328125
1785.17602539062 1291.40832519531 1932.951171875 1249.99499511719
1815.22497558594 1310.46533203125 1968.78967285156 1269.98742675781
1552.33801269531 1294.25207519531 1705.13854980469 1253.89331054688
1521.794921875 1231.26940917969 1666.05163574219 1191.17468261719
1802.51696777344 1295.84301757812 1951.92346191406 1255.88342285156
1629.90112304688 1305.10034179688 1784.13854980469 1264.52062988281
1642.75646972656 1243.72326660156 1788.0546875 1203.52734375
1589.34387207031 1297.22009277344 1743.47082519531 1256.54724121094
1637.05029296875 1223.34680175781 1777.93566894531 1184.25903320312
1848.93371582031 1317.47998046875 2002.81774902344 1276.13977050781
1682.91833496094 1318.97302246094 1838.43811035156 1278.07006835938
1782.72937011719 1308.23059082031 1935.150390625 1267.79516601562
1595.64538574219 1284.97570800781 1748.01611328125 1244.77990722656
1647.47021484375 1220.16064453125 1788.07336425781 1180.20837402344
1686.33288574219 1305.04345703125 1840.39538574219 1264.29064941406
977.959350585938 464.349487304688 966.866088867188 412.732666015625
952.874816894531 410.922637939453 931.839538574219 357.387603759766
787.051635742188 472.901092529297 766.858459472656 417.653594970703
1104.9208984375 423.070281982422 1089.18664550781 373.308013916016
962.748596191406 479.786499023438 952.082885742188 429.003112792969
1001.78155517578 455.777679443359 988.511291503906 404.065490722656
1187.68786621094 470.439178466797 1180.89733886719 423.927886962891
844.117919921875 470.555999755859 823.362060546875 417.949859619141
1324.84045410156 440.667999267578 1315.86193847656 395.886444091797
1320.43005371094 414.505584716797 1308.28356933594 369.493957519531
1095.98803710938 478.838592529297 1088.14489746094 430.422027587891
1389.97937011719 411.158721923828 1376.84545898438 367.440277099609
1365.22033691406 400.668914794922 1352.0751953125 356.320587158203
1310.75183105469 405.371337890625 1297.76831054688 359.337219238281
1248.41589355469 422.8515625 1235.10815429688 376.453674316406
1152.21716308594 439.224945068359 1141.79357910156 391.011260986328
1553.24926757812 1168.18859863281 1684.5654296875 1129.74182128906
1654.93579101562 1247.8623046875 1802.27075195312 1209.36584472656
1474.40588378906 1143.21923828125 1603.74609375 1103.79113769531
1526.87829589844 1182.15454101562 1663.49182128906 1143.08752441406
1540.77099609375 1194.90710449219 1679.38659667969 1155.26135253906
1590.17272949219 1182.95764160156 1723.65258789062 1144.02111816406
1520.60339355469 1160.37573242188 1651.05017089844 1121.65686035156
1582.71118164062 1174.07592773438 1712.76831054688 1134.73022460938
1447.01025390625 1254.99243164062 1596.77172851562 1215.38500976562
1610.67016601562 1210.11157226562 1750.16821289062 1169.880859375
1510.80383300781 1169.20520019531 1644.42114257812 1129.53759765625
1555.9677734375 1188.39282226562 1695.52026367188 1149.76403808594
1587.53845214844 1195.48425292969 1725.13928222656 1156.19201660156
1528.1171875 1276.099609375 1679.595703125 1235.740234375
1519.50646972656 1174.61853027344 1653.177734375 1135.02270507812
1515.75109863281 1203.94079589844 1654.61706542969 1163.78247070312
1504.41735839844 1189.23254394531 1642.41235351562 1151.63171386719
1515.84375 1140.70678710938 1644.36352539062 1101.68408203125
1570.8466796875 1159.04333496094 1697.6513671875 1119.91918945312
1612.31005859375 1193.02868652344 1746.50573730469 1153.52709960938
1533.12329101562 1249.54907226562 1681.79907226562 1208.78308105469
1601.43872070312 1203.77392578125 1736.53674316406 1164.16491699219
1564.02014160156 1177.87622070312 1695.25183105469 1137.9794921875
1486.95446777344 1155.19458007812 1617.52282714844 1116.07727050781
1525.62548828125 1259.10192871094 1673.58227539062 1219.16955566406
273.943054199219 483.18212890625 231.830520629883 417.514739990234
568.389526367188 457.805786132812 538.888488769531 396.817291259766
218.563247680664 512.752685546875 180.881912231445 447.775573730469
230.00325012207 466.360046386719 184.08479309082 399.754669189453
188.639801025391 474.255676269531 140.611129760742 407.221984863281
327.253234863281 572.908081054688 305.856628417969 511.720092773438
272.545989990234 565.159240722656 246.928268432617 503.836120605469
1899.16003417969 556.138244628906 1911.39660644531 523.748718261719
1948.28442382812 786.784301757812 1991.62109375 755.0595703125
1921.81201171875 783.789916992188 1965.08410644531 751.726501464844
1976.79528808594 813.371704101562 2021.8037109375 781.661376953125
1984.59265136719 796.166076660156 2028.23608398438 765.064636230469
1747.07678222656 729.668640136719 1789.12023925781 695.422485351562
1925.6826171875 767.983764648438 1967.59545898438 735.838989257812
1951.25122070312 796.6689453125 1995.77917480469 765.004943847656
1961.38610839844 776.501647949219 2004.00537109375 744.892211914062
1921.017578125 753.946228027344 1961.3974609375 722.334533691406
1897.05053710938 761.042419433594 1939.09118652344 728.312561035156
1935.6455078125 787.20263671875 1978.76538085938 755.270690917969
1728.85546875 759.600830078125 1774.37805175781 725.017578125
1993.15075683594 808.026245117188 2038.03735351562 776.852355957031
1733.89135742188 734.348999023438 1776.95947265625 700.158081054688
1977.47497558594 781.574401855469 2020.09106445312 750.405883789062
1889.95812988281 744.777038574219 1929.45129394531 712.8046875
1906.49389648438 777.119812011719 1949.94958496094 744.946472167969
1896.09362792969 773.337829589844 1939.38366699219 741.192260742188
1908.64672851562 765.277954101562 1951.435546875 733.075866699219
1753.580078125 721.520874023438 1795.3203125 687.397277832031
1754.87536621094 707.117431640625 1795.09948730469 672.132568359375
1902.69982910156 797.226501464844 1946.86450195312 765.153442382812
1968.22705078125 807.319458007812 2013.47961425781 775.872009277344
2008.48425292969 790.776000976562 2051.68188476562 759.850830078125
1907.23645019531 812.31494140625 1951.70227050781 780.378601074219
1935.69396972656 801.746154785156 1980.15783691406 769.970520019531
1674.3974609375 761.086975097656 1718.65246582031 725.972045898438
1714.59301757812 682.742248535156 1748.18530273438 648.090454101562
1913.32568359375 574.786743164062 1929.47802734375 543.944458007812
1897.16247558594 816.436889648438 1942.712890625 785.067687988281
2004.15270996094 804.63623046875 2048.51879882812 772.887634277344
1923.62121582031 742.234436035156 1963.60205078125 710.264404296875
1562.34338378906 689.047302246094 1600.25988769531 652.150329589844
1736.85278320312 773.939025878906 1782.73059082031 739.693542480469
2095.93798828125 617.233337402344 2120.2353515625 589.777770996094
1741.58032226562 704.407348632812 1778.59497070312 670.207580566406
1995.69152832031 712.723571777344 2028.23767089844 681.150695800781
506.941467285156 907.821472167969 552.525573730469 860.098327636719
513.134460449219 926.7529296875 561.810302734375 880.126586914062
501.459075927734 929.632202148438 550.350646972656 881.889587402344
494.875793457031 920.864318847656 543.032348632812 872.88134765625
556.145751953125 924.500122070312 607.418884277344 877.713623046875
417.189147949219 949.88037109375 465.715759277344 901.999328613281
393.842864990234 974.305847167969 446.12744140625 926.193725585938
328.809356689453 971.973022460938 374.2490234375 924.220825195312
474.400695800781 940.623474121094 524.462829589844 892.70166015625
516.751953125 938.768981933594 568.341430664062 892.28125
538.875061035156 936.70556640625 589.829833984375 889.542053222656
590.061767578125 893.98046875 638.621032714844 846.432250976562
431.081604003906 937.271606445312 478.019104003906 889.190307617188
449.368011474609 953.165893554688 499.694915771484 905.720153808594
248.612411499023 912.158508300781 275.061553955078 862.421447753906
675.428161621094 533.173645019531 663.285278320312 477.071594238281
999.476135253906 670.887634277344 1023.85980224609 624.98095703125
361.887115478516 533.590759277344 336.030700683594 471.433502197266
288.758361816406 602.475158691406 269.859039306641 541.701904296875
804.629577636719 706.71826171875 829.7255859375 658.69482421875
918.356140136719 719.192077636719 947.990844726562 672.676940917969
443.321655273438 611.879211425781 433.615478515625 554.184936523438
755.088073730469 469.910736083984 735.26708984375 413.341400146484
801.345153808594 481.064239501953 784.78857421875 425.890716552734
830.94091796875 510.846130371094 822.035034179688 456.685699462891
1015.35308837891 672.361022949219 1040.58349609375 625.9384765625
694.825805664062 704.997680664062 711.316772460938 655.282836914062
662.871826171875 533.794616699219 649.66064453125 477.366729736328
788.358215332031 668.599426269531 806.433532714844 619.02197265625
391.5576171875 549.193481445312 369.405212402344 488.354736328125
452.774993896484 560.862487792969 435.538421630859 501.766876220703
600.072998046875 541.436340332031 586.932678222656 483.961456298828
1291.25170898438 967.62939453125 1385.20874023438 928.555603027344
1499.16223144531 978.467590332031 1578.7392578125 939.582641601562
1633.34143066406 956.429260253906 1703.21264648438 920.222229003906
1305.18286132812 969.597106933594 1399.25915527344 930.558471679688
1476.72644042969 973.203979492188 1562.513671875 936.092346191406
1529.04699707031 961.677307128906 1605.28674316406 924.721435546875
1356.16088867188 924.279235839844 1426.02880859375 885.497009277344
1442.30627441406 913.550170898438 1506.3037109375 875.863159179688
1304.79223632812 1019.25225830078 1410.10217285156 979.7880859375
1584.14990234375 996.679077148438 1676.04870605469 959.761596679688
1490.36840820312 963.714050292969 1571.91967773438 926.688232421875
1431.02490234375 831.725708007812 1492.15515136719 794.760437011719
698.823608398438 753.226806640625 723.326232910156 704.898132324219
731.123962402344 690.800842285156 749.38427734375 640.337707519531
768.205810546875 731.025024414062 795.403869628906 682.863708496094
767.488464355469 701.033813476562 789.348693847656 652.314697265625
850.066589355469 713.673767089844 877.901184082031 665.880615234375
843.838012695312 725.773742675781 872.993041992188 678.086975097656
668.426879882812 737.139099121094 691.622314453125 687.124389648438
2211.48974609375 393.740142822266 2185.23974609375 368.956115722656
2144.07275390625 416.474609375 2125.318359375 390.600189208984
2265.99438476562 496.036071777344 2253.73974609375 471.751190185547
2326.029296875 600.601806640625 2331.78833007812 577.083435058594
2336.373046875 604.729797363281 2342.39208984375 581.935913085938
2255.044921875 613.405944824219 2266.13500976562 588.475158691406
2325.58178710938 532.811157226562 2315.43798828125 510.429382324219
2337.96630859375 572.408203125 2335.89916992188 549.584228515625
2353.94262695312 588.722412109375 2354.0283203125 566.167846679688
2324.72900390625 626.043029785156 2332.8427734375 602.239013671875
2322.50366210938 611.862976074219 2328.86962890625 587.430053710938
2004.99450683594 467.188629150391 1998.7509765625 437.717437744141
2224.80908203125 461.632476806641 2210.26318359375 437.730865478516
2295.78540039062 605.732543945312 2303.1669921875 581.857666015625
2161.0283203125 469.936126708984 2150.150390625 444.2353515625
2132.30834960938 423.611114501953 2114.61645507812 396.794738769531
2052.33984375 429.87548828125 2037.32202148438 401.615417480469
2368.36303710938 618.362548828125 2374.26953125 595.186828613281
2270.66723632812 584.631042480469 2275.38989257812 560.448486328125
2261.91064453125 565.974365234375 2264.05053710938 541.71923828125
2340.09155273438 641.872253417969 2350.33813476562 618.213562011719
2254.68823242188 583.765014648438 2259.91430664062 559.033630371094
2318.25170898438 399.368865966797 2288.1259765625 377.668914794922
2239.26733398438 383.597625732422 2211.59399414062 360.05859375
2315.55859375 596.85888671875 2320.3525390625 573.440979003906
2064.3662109375 416.749725341797 2047.30981445312 388.944702148438
2269.8642578125 536.223693847656 2262.6982421875 511.385925292969
2319.19189453125 494.26904296875 2306.07397460938 471.952087402344
2084.18432617188 412.554229736328 2066.89697265625 384.457122802734
2309.67724609375 610.926818847656 2317.806640625 586.126892089844
2078.54296875 366.227813720703 2053.32836914062 338.870788574219
2111.07104492188 350.870544433594 2081.83374023438 323.943359375
1782.97912597656 438.639831542969 1775.05322265625 403.734313964844
2292.21411132812 364.638641357422 2258.40698242188 342.548217773438
2157.37060546875 349.358703613281 2126.25146484375 323.411743164062
131.420333862305 1097.91430664062 216.467056274414 1051.61853027344
317.366394042969 1092.01306152344 400.753051757812 1045.96044921875
251.075775146484 1104.84143066406 338.104156494141 1059.29748535156
277.974456787109 1111.62463378906 365.487274169922 1066.07336425781
188.194717407227 1078.18115234375 265.852355957031 1031.41662597656
228.249145507812 1107.23937988281 315.290252685547 1062.94641113281
303.647613525391 1106.80102539062 390.715667724609 1061.79504394531
272.338562011719 1103.04418945312 359.101257324219 1057.68200683594
399.614379882812 1125.38427734375 494.33349609375 1081.84973144531
364.461669921875 1137.87353515625 463.823394775391 1094.98327636719
446.325958251953 1197.27600097656 560.7685546875 1154.63549804688
533.958984375 907.089965820312 582.101440429688 858.89501953125
347.941497802734 778.130615234375 360.703796386719 723.990295410156
361.693023681641 763.096069335938 372.687042236328 708.14990234375
105.792785644531 956.963195800781 139.895599365234 906.395690917969
339.343383789062 766.927795410156 349.628540039062 711.691650390625
282.951416015625 790.084350585938 294.915893554688 735.990234375
258.514129638672 793.106750488281 269.993988037109 738.857238769531
2178.5537109375 1450.41320800781 2332.0380859375 1405.7431640625
2201.9091796875 1426.08837890625 2348.83422851562 1381.30749511719
2052.32934570312 1399.44970703125 2211.21875 1356.86999511719
2114.01098632812 1361.169921875 2252.7080078125 1319.25512695312
2180.34399414062 1378.08264160156 2317.3681640625 1335.39245605469
2149.92041015625 1440.86352539062 2304.8310546875 1395.73291015625
2174.71313476562 1463.78283691406 2329.99584960938 1417.27600097656
2202.02197265625 1440.66687011719 2352.24096679688 1395.31799316406
2042.93029785156 1370.99487304688 2196.03051757812 1329.37414550781
2066.61206054688 1411.70971679688 2222.90161132812 1368.23571777344
2157.73486328125 1407.59594726562 2303.6943359375 1364.51281738281
2205.28076171875 1382.27783203125 2341.93286132812 1339.21020507812
852.981567382812 1020.91717529297 954.299072265625 978.099670410156
896.765014648438 1012.98370361328 996.855651855469 970.668212890625
881.373168945312 1020.77984619141 981.026550292969 979.620727539062
1076.54626464844 1132.37866210938 1197.6669921875 1090.96850585938
674.431884765625 1191.11706542969 794.989990234375 1149.07385253906
742.642395019531 1209.36022949219 869.361938476562 1168.03991699219
1281.90490722656 1026.39038085938 1388.35473632812 987.478759765625
1769.14172363281 539.680419921875 1780.64831542969 505.780731201172
1741.15234375 561.06689453125 1757.31042480469 526.631774902344
1744.72644042969 452.167877197266 1739.85314941406 417.004852294922
1743.52978515625 757.501892089844 1788.35729980469 723.368957519531
1503.92993164062 511.654266357422 1506.39013671875 472.341522216797
1758.68859863281 556.756103515625 1772.23303222656 522.498779296875
1336.2373046875 509.319427490234 1337.93395996094 466.897399902344
1864.10095214844 533.208862304688 1867.75866699219 500.083251953125
1374.89074707031 568.533813476562 1390.87878417969 527.251892089844
1570.42224121094 429.363739013672 1562.83874511719 390.596588134766
1741.99108886719 534.600341796875 1752.70922851562 500.039306640625
1924.62536621094 542.038452148438 1925.1123046875 511.251403808594
1709.80725097656 570.588317871094 1725.03491210938 535.958740234375
1937.11218261719 1299.94665527344 2081.912109375 1260.27807617188
1895.50720214844 1302.73132324219 2045.30627441406 1262.49426269531
1724.7109375 1328.27612304688 1881.76599121094 1287.61511230469
1859.10375976562 1288.11804199219 2003.31579589844 1247.2021484375
1919.70104980469 1304.12182617188 2064.97607421875 1264.11242675781
1712.021484375 1306.45080566406 1869.93505859375 1266.29052734375
1713.32556152344 1332.65991210938 1870.63146972656 1291.32360839844
1948.59997558594 1300.3203125 2094.41845703125 1260.93298339844
1885.837890625 1305.87683105469 2034.68090820312 1265.78356933594
1356.76879882812 415.822540283203 1344.52709960938 372.166198730469
1320.08435058594 611.342224121094 1342.91296386719 569.687744140625
1287.60437011719 547.312194824219 1297.4072265625 503.701293945312
1492.15100097656 398.307708740234 1476.3701171875 357.201110839844
