285
896.962585449219 1035.04760742188 998.5400390625 992.755615234375
859.588439941406 1035.06469726562 959.606994628906 992.338928222656
963.839782714844 1064.12866210938 1073.07421875 1022.13128662109
797.840393066406 1055.43237304688 901.146606445312 1012.27124023438
838.406433105469 1062.67504882812 945.594116210938 1019.97998046875
816.073425292969 1080.26843261719 922.368347167969 1036.3349609375
867.839660644531 1062.29382324219 973.69580078125 1019.794921875
847.238830566406 1055.80017089844 954.415710449219 1013.52020263672
814.352600097656 1023.71038818359 911.692993164062 981.0966796875
655.636474609375 1152.00744628906 767.712158203125 1109.02673339844
246.569686889648 1133.18518066406 335.391235351562 1088.11767578125
716.921630859375 1096.16064453125 820.507507324219 1052.80249023438
640.279846191406 1164.18115234375 754.691833496094 1121.14709472656
757.70458984375 1096.15966796875 863.250549316406 1053.44311523438
379.756774902344 1205.34252929688 492.486450195312 1162.30920410156
245.409774780273 1107.82946777344 333.471618652344 1060.74926757812
770.725036621094 1079.15026855469 874.442993164062 1036.0595703125
688.08251953125 1178.69458007812 808.663391113281 1136.12585449219
599.244812011719 1103.01062011719 695.916564941406 1059.40417480469
672.488708496094 1127.78369140625 780.610473632812 1085.17028808594
654.758483886719 1168.40063476562 770.295043945312 1125.88818359375
600.704895019531 1116.75146484375 700.385070800781 1073.73706054688
413.368835449219 1201.26818847656 525.26611328125 1157.88488769531
1593.25720214844 1231.30249023438 1732.21899414062 1190.91052246094
1605.71264648438 1291.94934082031 1760.27221679688 1251.212890625
1678.79211425781 1315.81103515625 1831.17407226562 1273.64184570312
1593.76062011719 1288.13586425781 1748.04479980469 1247.41748046875
1648.28259277344 1311.44201660156 1804.2265625 1269.78869628906
1476.15466308594 1216.5234375 1617.82299804688 1176.32421875
1584.8095703125 1311.91711425781 1742.37512207031 1270.79187011719
1480.330078125 1234.44482421875 1624.62060546875 1194.00280761719
1602.13073730469 1311.16687011719 1760.16784667969 1270.45532226562
1518.14904785156 1201.12194824219 1655.79357910156 1161.53869628906
1720.42468261719 1310.38818359375 1871.61254882812 1269.01232910156
1644.27966308594 1338.12744140625 1802.22033691406 1295.30456542969
1662.82336425781 1300.05603027344 1815.63500976562 1259.81555175781
1678.24694824219 1253.15478515625 1817.29418945312 1212.50317382812
1658.89282226562 1327.12463378906 1814.70202636719 1285.76196289062
1503.05139160156 1274.83129882812 1654.79052734375 1233.93981933594
1663.40771484375 1339.04931640625 1821.96752929688 1297.95556640625
1744.44885253906 1282.36926269531 1883.32055664062 1242.19128417969
1571.96533203125 1200.56018066406 1703.33984375 1160.14733886719
1528.41674804688 1210.96960449219 1666.11218261719 1171.38745117188
1582.41882324219 1335.46057128906 1739.63269042969 1294.45068359375
1644.765625 1246.07543945312 1785.39111328125 1205.552734375
1565.38171386719 1315.93664550781 1723.1083984375 1274.74841308594
1720.47985839844 1293.07751464844 1865.79760742188 1251.18627929688
1615.09130859375 1332.35485839844 1773.6953125 1291.59338378906
1728.158203125 1323.04028320312 1882.01293945312 1282.34973144531
1527.72265625 1320.30358886719 1684.51477050781 1278.85852050781
1708.37048339844 1281.82836914062 1851.22045898438 1241.84069824219
1589.23010253906 1357.18273925781 1748.44409179688 1314.22302246094
1703.85522460938 1267.70666503906 1841.31005859375 1227.2216796875
1794.04516601562 1313.82385253906 1939.39575195312 1273.11120605469
1680.703125 1364.115234375 1839.6611328125 1321.85009765625
484.734069824219 917.773315429688 530.276306152344 869.658386230469
540.512145996094 912.06787109375 589.103210449219 864.638305664062
560.761352539062 889.265075683594 606.542907714844 841.334106445312
682.016357421875 741.86279296875 710.548828125 691.270263671875
510.358947753906 928.319152832031 559.58251953125 880.716918945312
518.642456054688 893.947692871094 562.144104003906 845.611206054688
619.1962890625 875.346923828125 665.733276367188 827.636291503906
692.038696289062 758.28369140625 721.071044921875 709.424377441406
469.035034179688 942.959228515625 518.926025390625 895.323303222656
630.552917480469 752.42333984375 654.325012207031 701.948608398438
464.348846435547 930.021423339844 511.697570800781 882.099975585938
422.030242919922 948.203186035156 469.972381591797 900.187377929688
662.578674316406 763.205810546875 690.10693359375 713.352966308594
508.638610839844 904.601806640625 553.96044921875 857.130004882812
531.171569824219 898.608459472656 576.702880859375 850.812927246094
478.471282958984 936.950378417969 528.056213378906 888.489379882812
549.7529296875 917.313842773438 600.154357910156 869.879821777344
458.508880615234 943.648498535156 508.203063964844 895.794006347656
358.384552001953 877.9658203125 389.069030761719 827.561828613281
582.313720703125 883.86767578125 628.014099121094 835.813049316406
445.146148681641 939.213684082031 492.860473632812 891.092041015625
499.905487060547 946.444396972656 552.283569335938 899.40380859375
645.325561523438 757.722534179688 673.4814453125 707.387512207031
472.023284912109 919.541198730469 517.809265136719 870.793151855469
522.97998046875 853.249877929688 558.014099121094 804.2587890625
521.589172363281 940.259216308594 574.231750488281 893.354431152344
659.022216796875 720.694763183594 678.238952636719 669.781982421875
542.8935546875 956.274230957031 596.236511230469 908.616455078125
511.296295166016 844.651123046875 543.644287109375 795.022583007812
554.612670898438 872.738464355469 600.374877929688 824.832397460938
423.602508544922 934.871337890625 469.847930908203 886.363525390625
552.20458984375 960.562866210938 612.431579589844 912.590270996094
539.054992675781 877.687255859375 584.296630859375 829.260009765625
615.774719238281 891.438171386719 665.20361328125 844.060180664062
1280.689453125 1052.12902832031 1389.30456542969 1012.25152587891
1015.439453125 1024.53247070312 1110.47668457031 982.842468261719
901.118713378906 1046.79443359375 1003.77270507812 1004.33959960938
1030.5810546875 1034.08581542969 1130.20422363281 993.411437988281
1371.33166503906 1019.3115234375 1470.01635742188 980.225463867188
1096.26879882812 1131.39013671875 1217.38024902344 1090.58483886719
1071.19677734375 1021.12127685547 1167.82568359375 980.038513183594
1468.64221191406 1004.82482910156 1556.90881347656 966.634094238281
1408.36743164062 1037.70825195312 1509.66088867188 999.168762207031
1137.99597167969 1008.64056396484 1232.03796386719 967.909912109375
1986.77160644531 791.840881347656 2031.78137207031 760.42041015625
1762.45190429688 728.865234375 1804.71130371094 695.1669921875
1990.88635253906 802.327026367188 2035.65832519531 770.840637207031
2008.54711914062 788.95703125 2051.81713867188 757.90966796875
1841.60302734375 754.140625 1884.69982910156 721.006591796875
1895.39318847656 760.405944824219 1938.11474609375 727.843444824219
1965.84497070312 804.2978515625 2011.38000488281 772.423828125
1929.71887207031 767.216613769531 1973.2822265625 735.292053222656
1884.07446289062 767.870727539062 1927.86560058594 735.464477539062
1941.8828125 756.956726074219 1982.45092773438 725.317687988281
1749.30151367188 735.530334472656 1793.63818359375 702.509521484375
1863.45935058594 750.093322753906 1905.61633300781 717.17578125
1729.04614257812 753.347290039062 1775.1220703125 718.870788574219
1974.37243652344 795.776428222656 2018.83801269531 763.923095703125
1902.78308105469 775.049865722656 1946.81616210938 742.387329101562
1979.38513183594 779.368774414062 2022.36975097656 747.788391113281
1888.03796386719 745.096313476562 1927.75415039062 712.673156738281
1906.21447753906 763.765930175781 1948.84729003906 731.503723144531
1731.77563476562 732.497802734375 1775.20471191406 698.209289550781
1718.27294921875 734.225952148438 1762.35021972656 699.620727539062
2001.44714355469 802.123840332031 2047.49584960938 771.271301269531
1774.41943359375 740.7490234375 1818.68981933594 706.788146972656
2000.98352050781 693.225891113281 2028.91821289062 663.15673828125
1710.85180664062 743.491394042969 1755.93420410156 708.4287109375
1919.32177734375 800.900512695312 1964.54309082031 768.784790039062
1958.10559082031 788.867492675781 2002.53735351562 756.950622558594
1653.49609375 658.282470703125 1682.45446777344 622.179626464844
1737.39184570312 717.975280761719 1779.2421875 683.447509765625
1778.1845703125 579.069885253906 1797.01416015625 544.936401367188
1909.45703125 832.166809082031 1957.27575683594 800.488159179688
1750.29284667969 710.011901855469 1786.1884765625 675.973083496094
1924.38842773438 746.986877441406 1963.76171875 714.529296875
2029.27380371094 833.677612304688 2074.11401367188 801.763916015625
2010.962890625 779.1875 2053.79614257812 747.925964355469
2000.78247070312 715.6318359375 2031.07385253906 685.029357910156
2047.32971191406 711.779968261719 2076.16918945312 681.847839355469
1938.51281738281 742.007873535156 1976.76965332031 709.896911621094
332.827758789062 476.860992431641 293.471130371094 412.142272949219
196.483291625977 509.080230712891 154.951736450195 442.632110595703
475.169097900391 505.902374267578 447.720275878906 444.910003662109
729.412109375 470.044372558594 708.4609375 412.540649414062
755.102233886719 471.447814941406 735.827575683594 414.603057861328
561.799377441406 463.378082275391 532.917114257812 402.283325195312
382.417419433594 482.669708251953 346.182342529297 418.259002685547
400.274017333984 536.938415527344 374.645172119141 475.305816650391
779.099365234375 484.195770263672 761.062438964844 428.525512695312
354.177459716797 537.832885742188 328.720825195312 476.178466796875
416.405670166016 527.374145507812 388.933288574219 465.736785888672
325.951873779297 555.736389160156 302.246185302734 494.146942138672
193.257354736328 518.692260742188 155.390365600586 453.283050537109
564.671203613281 567.314025878906 553.443481445312 510.437683105469
1791.42175292969 234.205673217773 1785.72399902344 198.217071533203
2298.80004882812 451.033508300781 2281.73022460938 426.289978027344
2142.46801757812 417.608184814453 2123.32739257812 391.287719726562
2193.24145507812 436.766662597656 2175.27954101562 409.741668701172
2223.15014648438 460.565093994141 2208.20532226562 436.077056884766
2033.37512207031 441.134033203125 2019.75280761719 412.384368896484
2171.84301757812 473.284088134766 2160.3388671875 447.606567382812
2023.99645996094 510.204711914062 2020.86608886719 480.546234130859
1790.8115234375 430.108520507812 1781.07739257812 395.704650878906
1830.31860351562 464.270111083984 1825.52392578125 430.681610107422
2105.83276367188 450.09033203125 2092.45068359375 423.035949707031
2190.69458007812 1443.79846191406 2334.94409179688 1397.26135253906
1998.6630859375 1388.25769042969 2152.41772460938 1345.00610351562
2157.15209960938 1473.39208984375 2315.52807617188 1427.08898925781
2031.9287109375 1414.61865234375 2189.2041015625 1370.68273925781
2071.95825195312 1439.43859863281 2230.57055664062 1394.62133789062
2060.791015625 1418.88464355469 2217.916015625 1374.80029296875
2198.41967773438 1393.98400878906 2334.01049804688 1349.85815429688
2204.97387695312 1480.29833984375 2359.3671875 1432.61608886719
2191.42260742188 1491.31469726562 2349.64721679688 1443.67443847656
2184.03686523438 1452.77062988281 2331.03930664062 1407.10302734375
2171.845703125 1389.80126953125 2310.73461914062 1347.55200195312
2218.67260742188 1456.05895996094 2364.58422851562 1409.69580078125
2171.79467773438 1437.13635253906 2317.775390625 1391.70678710938
2156.95581054688 1429.88146972656 2304.42236328125 1384.18078613281
2052.14453125 1431.81823730469 2214.09130859375 1388.05090332031
2179.68139648438 1501.28820800781 2338.80932617188 1452.70251464844
2143.03686523438 1470.873046875 2303.34887695312 1423.81921386719
2154.83837890625 1507.80688476562 2314.56909179688 1460.08972167969
2190.4306640625 1476.16186523438 2345.9931640625 1429.50622558594
703.117492675781 741.034240722656 729.931091308594 691.333374023438
1001.70483398438 687.071411132812 1028.72680664062 641.307678222656
803.809020996094 701.518249511719 828.776489257812 652.702697753906
969.160034179688 702.895690917969 997.62255859375 656.619262695312
832.295654296875 710.214416503906 859.375 662.098693847656
918.23388671875 717.744079589844 947.954040527344 671.014343261719
938.661560058594 721.539184570312 970.090026855469 675.370483398438
845.660461425781 737.4677734375 877.883911132812 689.691833496094
954.754699707031 714.908752441406 985.295471191406 668.880554199219
815.524780273438 706.411499023438 840.182861328125 658.020446777344
1030.18103027344 665.785705566406 1055.32141113281 619.817810058594
968.797241210938 692.6171875 996.034851074219 646.603332519531
785.058654785156 664.618591308594 803.041625976562 614.313232421875
817.555908203125 740.109252929688 848.158203125 692.590637207031
680.242248535156 721.710205078125 701.865478515625 671.077026367188
776.624389648438 564.352355957031 777.709533691406 510.874694824219
1043.48059082031 662.17333984375 1068.3037109375 616.272644042969
749.031433105469 702.758666992188 770.7431640625 652.416076660156
1000.65985107422 667.552429199219 1025.11071777344 621.539611816406
842.147705078125 701.479553222656 868.074829101562 652.826477050781
799.313720703125 547.631713867188 795.066650390625 494.493591308594
975.496032714844 716.050537109375 1005.98345947266 670.038330078125
717.271301269531 742.760620117188 742.753540039062 694.141967773438
790.645385742188 687.217468261719 811.820739746094 637.72265625
1884.69396972656 1341.21350097656 2035.20617675781 1300.01550292969
1974.86254882812 1340.16540527344 2117.16650390625 1298.58850097656
1820.11669921875 1310.96459960938 1964.89758300781 1270.11486816406
1898.2236328125 1343.01733398438 2049.31909179688 1300.31494140625
1808.42016601562 1345.22302246094 1966.25476074219 1303.96301269531
1736.28051757812 1331.52905273438 1890.89038085938 1289.78588867188
1880.39318847656 1318.80017089844 2027.19836425781 1277.81213378906
1910.03857421875 1348.38244628906 2059.62939453125 1304.94311523438
1942.42114257812 1342.45581054688 2088.6552734375 1299.24328613281
1871.07751464844 1333.42468261719 2021.33056640625 1292.21362304688
1977.21520996094 1328.27221679688 2118.90405273438 1287.11975097656
1680.703125 1364.115234375 1839.6611328125 1321.85009765625
1761.80822753906 1324.03845214844 1916.08520507812 1281.73156738281
1972.18176269531 1654.15869140625 2173.04223632812 1601.77917480469
1992.09399414062 1711.21350097656 2203.26391601562 1655.21936035156
1928.53466796875 1606.4462890625 2124.892578125 1554.73522949219
2139.94873046875 1641.35607910156 2323.65576171875 1587.82385253906
1967.9287109375 1694.73291015625 2176.12744140625 1640.20056152344
1938.73742675781 1595.53662109375 2135.92797851562 1546.32995605469
2035.05981445312 1630.86279296875 2228.13256835938 1578.90759277344
2086.4501953125 1682.26867675781 2283.14990234375 1627.23376464844
2059.501953125 1605.03894042969 2248.1337890625 1554.36120605469
1769.16674804688 543.758239746094 1780.74890136719 509.314453125
1207.96423339844 449.172698974609 1198.07775878906 401.864196777344
1319.64489746094 420.790344238281 1308.62609863281 375.716979980469
993.712158203125 455.702545166016 982.67626953125 403.886657714844
1239.85607910156 510.327209472656 1240.17053222656 465.189880371094
1324.70837402344 439.615264892578 1314.7451171875 394.338684082031
1164.46838378906 453.980712890625 1154.54089355469 406.086151123047
1758.09619140625 548.410888671875 1770.16870117188 513.880981445312
1714.03283691406 545.642761230469 1724.60815429688 510.589630126953
1368.26232910156 418.842620849609 1356.98120117188 374.300018310547
1054.14953613281 486.492950439453 1047.25170898438 436.764312744141
1492.3271484375 566.873413085938 1508.49865722656 527.958068847656
1675.96557617188 561.736450195312 1691.365234375 526.12841796875
1569.21130371094 429.754669189453 1561.00402832031 390.706665039062
1492.72912597656 587.311767578125 1509.2685546875 549.24267578125
1920.88049316406 545.475646972656 1925.73657226562 514.113098144531
1723.75073242188 560.512512207031 1739.85083007812 525.800903320312
1688.02746582031 539.579895019531 1699.87829589844 503.600738525391
1770.83520507812 560.104125976562 1785.65173339844 525.714477539062
1492.72912597656 587.311767578125 1509.2685546875 549.24267578125
1866.03686523438 576.1630859375 1882.32263183594 543.77392578125
289.642913818359 1098.17504882812 368.76416015625 1052.27575683594
89.4177398681641 1119.35852050781 174.026092529297 1073.16564941406
388.028839111328 1218.55786132812 503.106781005859 1175.68786621094
220.190277099609 1131.5341796875 309.456298828125 1086.30859375
351.616790771484 780.175048828125 363.927032470703 727.069213867188
499.298126220703 899.941772460938 543.277893066406 850.236877441406
548.416442871094 903.364440917969 597.690307617188 855.737670898438
326.878021240234 779.98876953125 337.113800048828 726.195068359375
475.2353515625 903.8388671875 519.377136230469 854.122985839844
532.123596191406 887.890380859375 576.581176757812 838.476501464844
398.299591064453 979.11279296875 450.271942138672 932.000305175781
343.076446533203 768.647399902344 353.496398925781 712.995666503906
422.912872314453 888.81005859375 458.216033935547 839.11279296875
363.990386962891 762.752868652344 373.821563720703 709.456115722656
839.026184082031 1039.41955566406 942.978515625 996.256469726562
861.639709472656 1080.93078613281 970.480041503906 1038.42639160156
1514.33837890625 1175.52294921875 1644.59069824219 1135.39538574219
1538.15710449219 1184.93200683594 1668.45739746094 1144.9208984375
1448.24267578125 1158.24926757812 1579.1201171875 1118.4951171875
1490.28466796875 1265.31909179688 1640.48181152344 1224.3291015625
1472.08081054688 1197.25109863281 1600.12280273438 1158.30810546875
1596.1015625 1212.12683105469 1729.37670898438 1172.20068359375
1558.92126464844 1175.70983886719 1685.53955078125 1136.34204101562
1492.0029296875 1245.88024902344 1637.79577636719 1205.00573730469
1583.46240234375 1207.33813476562 1716.21081542969 1167.77844238281
790.925476074219 473.351593017578 771.625427246094 417.588897705078
656.257751464844 535.991333007812 642.932434082031 479.446319580078
832.165832519531 509.333374023438 820.530151367188 455.306213378906
768.086181640625 502.011627197266 752.98193359375 446.759216308594
1700.30859375 535.367919921875 1712.05139160156 499.739013671875
1703.07946777344 552.081359863281 1718.07238769531 516.117370605469
1740.64233398438 750.232360839844 1786.19519042969 715.827392578125
1722.96435546875 714.133911132812 1761.98657226562 678.242126464844
1633.23327636719 637.247924804688 1656.59509277344 601.690368652344
1765.10375976562 758.961303710938 1811.12133789062 724.594421386719
1701.93298339844 734.825439453125 1743.72424316406 700.555419921875
1715.77282714844 698.582153320312 1751.1044921875 664.555786132812
1676.05920410156 753.117126464844 1720.61145019531 717.910583496094
