329
1755.83312988281 1268.12817382812 1905.17883300781 1229.060546875
1852.21313476562 1274.90173339844 2000.24877929688 1235.30822753906
1718.63293457031 1276.07348632812 1868.95837402344 1236.05859375
1934.07788085938 1258.70825195312 2075.40966796875 1219.63708496094
1729.18713378906 1236.31616210938 1871.88781738281 1197.42175292969
1770.41931152344 1288.23400878906 1920.71362304688 1248.13159179688
1633.23034667969 1284.76135253906 1781.09326171875 1245.48327636719
1701.56994628906 1260.3212890625 1850.5185546875 1221.23510742188
1697.15991210938 1280.39685058594 1847.28552246094 1240.66027832031
1608.80737304688 1274.93664550781 1756.67529296875 1234.8662109375
1707.77453613281 1243.83044433594 1852.11511230469 1204.34777832031
1663.529296875 1253.91101074219 1809.44213867188 1214.78088378906
1558.38232421875 1239.02575683594 1702.27941894531 1199.54296875
1667.43188476562 1279.50317382812 1816.11120605469 1239.72021484375
1671.73498535156 1233.65295410156 1815.48657226562 1194.78234863281
1656.52783203125 1263.38854980469 1804.40270996094 1224.02392578125
2065.46411132812 1352.67529296875 2213.74487304688 1311.45776367188
1730.34362792969 1267.21862792969 1880.05529785156 1227.73645019531
1825.79748535156 1267.75927734375 1973.19458007812 1228.78833007812
1547.84045410156 1249.57824707031 1693.14562988281 1209.8955078125
1712.25854492188 1230.37268066406 1853.28430175781 1191.34594726562
2045.73583984375 1336.51904296875 2193.50073242188 1295.63952636719
1563.947265625 1227.82287597656 1707.31628417969 1188.61352539062
1684.15295410156 1267.83044433594 1832.70703125 1228.57482910156
1838.7529296875 1286.65002441406 1986.66235351562 1247.40307617188
1573.82214355469 1167.4345703125 1707.71240234375 1128.39978027344
1795.47534179688 1281.87170410156 1944.90881347656 1242.32788085938
1840.28564453125 1271.37426757812 1986.83166503906 1231.93896484375
2163.34765625 1384.19494628906 2308.32690429688 1341.22546386719
1615.54162597656 1261.34631347656 1763.38854980469 1221.75634765625
1755.76220703125 1224.54077148438 1892.93188476562 1185.07885742188
1672.3701171875 1200.26196289062 1811.80126953125 1161.88647460938
1937.47998046875 1274.07043457031 2079.38720703125 1234.82531738281
1889.75268554688 1280.36218261719 2034.08435058594 1240.61157226562
1622.42163085938 1274.21728515625 1770.10681152344 1234.05615234375
2039.59985351562 1358.80529785156 2188.86376953125 1316.29431152344
2022.99255371094 1357.05810546875 2173.42358398438 1317.078125
1552.07409667969 1267.18725585938 1699.53625488281 1227.02587890625
1547.31945800781 1233.81494140625 1690.88110351562 1194.03662109375
676.017333984375 765.235412597656 702.472106933594 715.98681640625
498.207244873047 931.546936035156 546.952453613281 883.689575195312
410.8330078125 952.633544921875 458.865753173828 904.339233398438
849.639038085938 739.241149902344 881.191833496094 692.0224609375
589.174255371094 883.804382324219 634.124389648438 836.010925292969
621.187683105469 879.805419921875 667.80224609375 832.439270019531
740.582214355469 730.169372558594 765.43017578125 680.799133300781
982.954162597656 711.830139160156 1013.05511474609 666.096801757812
493.337524414062 906.065185546875 537.493103027344 857.527160644531
508.874847412109 928.6435546875 557.346923828125 880.904357910156
897.41162109375 725.675720214844 927.585876464844 678.763732910156
576.558654785156 888.200500488281 621.75830078125 840.281616210938
453.399139404297 925.265808105469 497.799652099609 876.994262695312
954.095397949219 716.449584960938 984.790161132812 670.274536132812
650.169494628906 748.159362792969 672.452575683594 697.727416992188
653.368347167969 773.052185058594 680.584045410156 723.660827636719
566.229125976562 899.567138671875 612.664611816406 851.943969726562
662.310852050781 762.064392089844 688.291015625 712.151489257812
768.328918457031 704.496215820312 789.277038574219 655.245483398438
451.375915527344 949.670043945312 500.738861083984 901.766296386719
526.577758789062 927.672973632812 577.137878417969 879.95458984375
460.984191894531 918.287536621094 504.802124023438 869.713073730469
963.337280273438 677.2177734375 988.530578613281 631.452331542969
576.6357421875 917.398559570312 627.454162597656 870.237915039062
396.943389892578 960.799621582031 444.637969970703 913.104675292969
535.493041992188 940.010681152344 586.158325195312 892.487060546875
838.84716796875 717.143676757812 865.120544433594 669.0400390625
488.181610107422 944.503112792969 539.062561035156 896.673645019531
861.421325683594 725.932250976562 891.963073730469 678.348327636719
739.238891601562 700.289245605469 757.966979980469 650.211853027344
669.616271972656 741.0810546875 692.1015625 691.242370605469
640.851928710938 776.319885253906 667.182312011719 726.090881347656
414.0712890625 880.901184082031 448.024719238281 831.191101074219
771.85498046875 681.287109375 790.569458007812 631.211730957031
717.6943359375 732.429992675781 742.510498046875 683.280700683594
789.999450683594 723.050720214844 815.493286132812 674.393005371094
346.652648925781 855.146179199219 369.073028564453 803.705261230469
506.152801513672 894.932495117188 549.229370117188 846.788757324219
383.501434326172 965.384338378906 432.076477050781 916.983825683594
820.463806152344 739.03466796875 850.840515136719 691.586364746094
444.184600830078 919.283569335938 487.255096435547 870.663208007812
1401.90258789062 1152.400390625 1534.21862792969 1112.40270996094
1569.2353515625 1217.38330078125 1711.86950683594 1177.57727050781
1547.31945800781 1233.81494140625 1690.88110351562 1194.03662109375
1606.701171875 1172.81030273438 1741.13549804688 1134.01513671875
1584.6416015625 1269.27258300781 1732.36010742188 1229.01879882812
1533.46301269531 1150.34655761719 1663.78295898438 1111.93859863281
1576.90380859375 1147.04357910156 1705.55114746094 1109.7890625
1563.5107421875 1164.90539550781 1696.38903808594 1126.07275390625
1524.25744628906 1136.89501953125 1652.09436035156 1098.51110839844
1510.93566894531 1140.12121582031 1639.11242675781 1101.37280273438
1534.93444824219 1128.54223632812 1660.60266113281 1089.99194335938
1582.17578125 1161.00891113281 1716.99938964844 1123.65551757812
1568.74719238281 1183.16125488281 1701.80395507812 1145.4287109375
1507.85717773438 1117.04760742188 1632.06665039062 1078.466796875
178.070068359375 507.379028320312 137.405578613281 440.735992431641
786.750854492188 471.938323974609 768.913330078125 415.882080078125
759.032592773438 469.674346923828 739.557250976562 412.939605712891
872.833740234375 475.036743164062 857.935607910156 421.121490478516
573.648742675781 457.840087890625 544.613220214844 396.697998046875
604.602478027344 459.7021484375 576.665283203125 399.268280029297
725.8076171875 472.760833740234 703.461303710938 415.011932373047
414.072998046875 522.342651367188 386.880035400391 460.166229248047
384.699523925781 501.439758300781 349.351928710938 437.899444580078
558.210815429688 480.127807617188 530.668640136719 419.550262451172
591.905944824219 460.162017822266 563.109436035156 399.594818115234
319.9404296875 471.470520019531 278.968780517578 405.956451416016
510.353851318359 532.883666992188 490.963806152344 473.305053710938
812.403564453125 489.561676025391 796.697448730469 434.677032470703
562.18310546875 532.772583007812 545.35986328125 474.103179931641
325.506408691406 584.921081542969 306.162811279297 523.6767578125
447.742065429688 532.418212890625 423.582366943359 472.2744140625
500.670684814453 521.785949707031 477.7314453125 462.313690185547
1921.51977539062 787.086853027344 1964.37158203125 755.281311035156
1747.71850585938 732.883972167969 1789.49755859375 698.989929199219
1898.43664550781 761.837585449219 1940.42626953125 729.748229980469
1948.77429199219 780.126647949219 1990.8212890625 748.698669433594
1934.75524902344 791.093811035156 1977.96630859375 759.224304199219
1728.76623535156 728.13818359375 1769.95227050781 694.043029785156
1950.04833984375 790.528625488281 1991.83654785156 759.299255371094
1906.40930175781 774.24169921875 1948.19580078125 742.309631347656
1983.80480957031 799.721618652344 2026.56274414062 768.992553710938
1964.60729980469 778.903259277344 2006.69958496094 747.558471679688
1856.25659179688 783.55126953125 1899.1298828125 751.440368652344
1994.31335449219 794.88232421875 2036.46130371094 763.727600097656
1923.01623535156 752.952331542969 1962.26159667969 721.721740722656
1909.1533203125 728.240600585938 1948.2255859375 697.942565917969
1903.40747070312 800.716979980469 1946.74194335938 768.787780761719
1971.75939941406 811.3544921875 2015.85888671875 780.106567382812
1892.60095214844 744.805480957031 1931.41845703125 713.003356933594
1994.37365722656 813.852600097656 2038.23645019531 782.873901367188
1774.25805664062 752.104675292969 1816.98461914062 718.416259765625
1918.70751953125 797.562377929688 1962.28662109375 765.958374023438
1877.17834472656 780.098876953125 1920.74060058594 747.996154785156
1981.388671875 814.817443847656 2025.43469238281 783.660095214844
1941.203125 799.547180175781 1984.86169433594 767.574584960938
1999.87255859375 695.197326660156 2027.84802246094 665.500793457031
2216.35864257812 810.257080078125 2254.36474609375 782.512756347656
1863.1025390625 765.784240722656 1905.61791992188 733.621826171875
1835.59729003906 733.912536621094 1875.11328125 701.844360351562
1882.66638183594 770.65380859375 1925.05322265625 738.559020996094
1734.8330078125 704.627075195312 1773.05151367188 670.686706542969
1758.3974609375 751.216369628906 1801.01159667969 717.444152832031
1785.14111328125 720.336059570312 1826.66088867188 686.695251464844
1743.3330078125 767.972351074219 1787.90100097656 733.557556152344
1880.82824707031 791.214599609375 1924.63562011719 759.061157226562
1988.24060058594 765.304748535156 2028.6259765625 734.895141601562
1652.48583984375 654.62158203125 1682.18859863281 619.38232421875
1576.05798339844 636.041381835938 1603.48107910156 598.724853515625
1730.18249511719 693.016174316406 1766.650390625 659.516052246094
1998.58898925781 782.277282714844 2039.32678222656 751.455078125
2102.78271484375 936.357238769531 2156.77587890625 904.870727539062
1310.39489746094 404.546173095703 1298.43225097656 359.009582519531
1381.60217285156 411.087615966797 1369.21545410156 367.310943603516
1192.70092773438 470.338287353516 1185.28845214844 423.687530517578
1738.92834472656 427.962463378906 1729.01025390625 392.738952636719
1886.423828125 449.581909179688 1879.28332519531 417.800933837891
1327.41625976562 440.208740234375 1317.46264648438 395.463073730469
1125.06787109375 506.864837646484 1123.39172363281 459.621185302734
1786.78942871094 478.680328369141 1782.138671875 444.934051513672
1478.93469238281 503.479187011719 1480.30322265625 463.636413574219
1791.12170410156 447.858703613281 1785.01025390625 413.710784912109
1380.12341308594 494.758392333984 1379.08203125 452.965881347656
1571.55944824219 429.709014892578 1564.08544921875 391.068450927734
854.654663085938 485.398284912109 839.943786621094 431.354888916016
547.673156738281 540.16943359375 531.289123535156 482.232971191406
962.174926757812 470.351440429688 951.291076660156 418.285339355469
303.334136962891 514.959411621094 270.814819335938 451.037078857422
160.504928588867 472.189453125 110.374847412109 404.132354736328
450.009002685547 574.786437988281 435.5751953125 515.526916503906
896.060302734375 486.938323974609 883.435119628906 433.573089599609
398.915863037109 547.872497558594 375.675659179688 486.661987304688
665.390686035156 530.266723632812 652.271606445312 473.477203369141
926.849914550781 1050.20202636719 1024.283203125 1008.82177734375
1040.55847167969 985.951904296875 1134.69970703125 944.105407714844
724.821044921875 1079.95068359375 825.482666015625 1036.16162109375
301.204956054688 1079.18933105469 385.750305175781 1033.3037109375
1081.51818847656 989.398498535156 1175.46704101562 947.941467285156
622.949645996094 1078.00671386719 716.797485351562 1034.40661621094
1300.36987304688 990.806274414062 1406.80297851562 951.34130859375
868.609436035156 1019.15405273438 968.358215332031 976.741027832031
491.531677246094 1088.25720214844 580.36474609375 1043.4228515625
537.046752929688 1114.75207519531 636.361938476562 1070.80725097656
568.28759765625 1104.05224609375 665.792602539062 1059.93017578125
988.030334472656 991.458618164062 1082.86022949219 949.355285644531
263.059326171875 1087.11999511719 348.204376220703 1040.583984375
306.739868164062 1090.12756347656 391.782958984375 1044.14050292969
283.331878662109 1060.91857910156 361.9453125 1013.95635986328
831.335571289062 1090.43786621094 936.954284667969 1048.30432128906
1012.35784912109 987.680480957031 1107.33251953125 945.942199707031
592.778991699219 1098.8486328125 690.408813476562 1054.83825683594
854.87939453125 984.631164550781 951.859130859375 940.73876953125
356.767333984375 1090.01477050781 442.388793945312 1044.4677734375
477.297607421875 1088.31713867188 566.237487792969 1043.19738769531
457.971984863281 1164.90795898438 565.689575195312 1121.34362792969
528.068786621094 1080.74877929688 615.205993652344 1036.1669921875
533.810241699219 1103.30981445312 629.015686035156 1059.22009277344
1533.23876953125 975.786315917969 1621.5107421875 938.725708007812
1549.17163085938 976.0888671875 1639.20629882812 939.587463378906
1506.59594726562 976.771850585938 1594.29663085938 939.586364746094
1487.72033691406 960.427795410156 1575.63647460938 924.337097167969
1575.40368652344 989.413513183594 1664.84790039062 952.756286621094
1443.62524414062 912.188598632812 1508.107421875 874.543823242188
1498.61535644531 947.931335449219 1579.35546875 911.730102539062
1559.84143066406 972.516540527344 1648.56420898438 935.953430175781
1281.88330078125 956.609130859375 1370.02563476562 917.832397460938
1464.84558105469 1067.77612304688 1573.34362792969 1029.68811035156
1405.34619140625 990.184326171875 1502.81396484375 951.900024414062
1394.57629394531 1049.14001464844 1503.04040527344 1009.83563232422
1317.35180664062 958.081604003906 1409.2724609375 919.358337402344
1573.39123535156 974.947937011719 1661.03625488281 937.990844726562
1368.90869140625 992.351318359375 1467.76135253906 953.9345703125
1392.46887207031 985.31787109375 1490.01196289062 947.240966796875
1333.25329589844 1032.49853515625 1443.7001953125 993.275756835938
2171.8984375 457.116516113281 2156.93017578125 431.612060546875
2073.1708984375 495.430084228516 2066.29321289062 468.051788330078
2146.81372070312 415.017120361328 2126.87915039062 388.840423583984
2180.88720703125 387.924377441406 2155.71044921875 363.184997558594
2299.94750976562 396.298095703125 2270.36499023438 374.107452392578
2289.8515625 444.996124267578 2269.0537109375 422.881286621094
2252.38232421875 379.986999511719 2223.87866210938 356.952911376953
2180.77758789062 483.32568359375 2170.6015625 458.144744873047
2336.38452148438 495.725952148438 2321.80517578125 474.317260742188
2354.0830078125 454.732391357422 2333.73852539062 434.719818115234
2013.39111328125 449.610656738281 2002.39196777344 420.671722412109
2293.53076171875 406.761840820312 2263.84765625 383.853546142578
2317.83471679688 403.515686035156 2287.45556640625 382.452850341797
2135.50048828125 422.371185302734 2117.82080078125 396.550811767578
2239.23754882812 384.748565673828 2211.51171875 361.450805664062
2340.05126953125 430.227996826172 2314.87573242188 409.020172119141
2282.33422851562 434.0693359375 2264.32177734375 411.770965576172
2257.89672851562 389.620758056641 2229.16015625 366.825225830078
1867.58630371094 546.869323730469 1879.6875 515.104553222656
1665.271484375 512.041809082031 1668.67114257812 477.163970947266
2304.83642578125 623.292114257812 2310.73852539062 600.85107421875
1851.86877441406 618.030395507812 1871.37756347656 585.876159667969
2259.97900390625 589.549133300781 2267.05737304688 565.231689453125
2293.57983398438 607.730529785156 2299.390625 584.263854980469
2329.0498046875 647.300415039062 2340.71557617188 623.770874023438
2291.56665039062 596.638671875 2296.70458984375 573.127075195312
1915.20556640625 571.614990234375 1930.93798828125 540.862731933594
1745.033203125 528.695556640625 1752.63977050781 494.577941894531
1777.91137695312 560.673828125 1791.89367675781 526.680847167969
2254.06762695312 580.2626953125 2258.9453125 556.426025390625
1800.18249511719 534.182800292969 1811.08850097656 501.015686035156
1503.12634277344 556.861999511719 1518.32043457031 518.11962890625
1042.08251953125 667.665283203125 1066.4013671875 622.219482421875
949.752807617188 657.603332519531 971.3779296875 610.194030761719
956.46728515625 704.204528808594 985.841247558594 659.195129394531
1259.19567871094 547.971069335938 1270.3955078125 504.725189208984
968.573608398438 697.97265625 995.954284667969 651.746948242188
1076.79736328125 492.590698242188 1071.763671875 444.419097900391
1097.77612304688 478.392974853516 1088.56335449219 429.942565917969
1286.95166015625 544.099914550781 1296.97570800781 500.854675292969
1326.39660644531 586.399597167969 1343.55908203125 544.55419921875
966.494384765625 481.228454589844 956.2451171875 429.881652832031
1048.62170410156 535.16845703125 1053.84228515625 487.023254394531
503.120910644531 911.324279785156 549.306579589844 862.333862304688
400.808074951172 941.914306640625 445.181396484375 893.669921875
551.838745117188 926.89404296875 604.366760253906 880.93896484375
588.61572265625 911.318664550781 640.017211914062 864.209838867188
514.307434082031 941.320434570312 566.677734375 893.855590820312
440.787506103516 945.445495605469 486.013092041016 898.163635253906
315.523803710938 792.91455078125 329.815826416016 738.957702636719
498.375244140625 942.761901855469 550.778930664062 894.960998535156
435.827819824219 931.084777832031 479.276977539062 882.881652832031
566.042541503906 918.056030273438 615.328186035156 871.636291503906
640.055908203125 982.004272460938 708.911193847656 937.258117675781
409.886505126953 891.15673828125 445.171905517578 841.197448730469
368.778839111328 942.420837402344 411.395935058594 893.3779296875
871.682800292969 1008.95037841797 972.155822753906 965.72119140625
849.821838378906 1021.79339599609 948.328796386719 980.691223144531
881.793090820312 1075.85217285156 987.675964355469 1033.884765625
812.886901855469 1138.3291015625 922.074584960938 1096.34838867188
937.919494628906 999.840515136719 1034.73388671875 957.192626953125
684.650695800781 1189.76684570312 803.294372558594 1147.97802734375
749.69921875 1167.33020019531 865.350402832031 1125.29895019531
1050.94860839844 1061.39440917969 1161.86315917969 1020.68579101562
1819.75122070312 1257.20727539062 1966.00952148438 1218.25744628906
1507.85717773438 1117.04760742188 1632.06665039062 1078.466796875
1568.74719238281 1183.16125488281 1701.80395507812 1145.4287109375
1637.41528320312 1204.11389160156 1783.35852050781 1164.6123046875
568.623168945312 473.860656738281 540.532043457031 412.81298828125
570.083984375 510.809326171875 547.385986328125 451.320281982422
191.21044921875 513.0078125 151.794372558594 446.748321533203
321.009155273438 758.78955078125 329.245727539062 703.815185546875
339.821960449219 481.141265869141 300.972808837891 415.938354492188
337.408599853516 764.035522460938 347.831878662109 709.736755371094
277.134674072266 564.513122558594 251.988586425781 501.850311279297
224.560333251953 515.944396972656 187.99674987793 450.284851074219
399.798614501953 528.777038574219 372.683807373047 466.802856445312
272.055389404297 535.369750976562 242.132919311523 471.437286376953
343.876007080078 529.07080078125 315.675659179688 466.423400878906
665.390686035156 530.266723632812 652.271606445312 473.477203369141
548.0166015625 676.004333496094 556.584777832031 621.596923828125
1679.22082519531 531.486450195312 1691.35095214844 495.950866699219
1485.27893066406 629.7392578125 1512.33056640625 591.438598632812
1698.23168945312 682.718811035156 1731.1630859375 648.532470703125
1744.33215332031 559.781311035156 1758.06665039062 525.262634277344
1412.94458007812 567.147705078125 1427.41076660156 526.347290039062
1893.54614257812 537.414611816406 1896.40100097656 506.009124755859
1848.21887207031 746.482177734375 1889.369140625 713.790100097656
1634.87390136719 952.452880859375 1705.8935546875 916.373596191406
1682.2138671875 833.367980957031 1717.54138183594 798.187316894531
1429.94226074219 629.469360351562 1456.74035644531 589.729797363281
807.516967773438 742.179016113281 837.865661621094 694.419799804688
934.461669921875 694.740173339844 961.631713867188 647.764587402344
919.632690429688 714.963439941406 948.734619140625 668.708435058594
847.673400878906 728.607543945312 876.869384765625 681.038818359375
872.830444335938 733.388610839844 903.870361328125 686.274047851562
690.226135253906 713.493774414062 704.86474609375 663.929016113281
661.401123046875 748.719665527344 684.338439941406 698.788879394531
934.700927734375 826.96728515625 981.776428222656 782.459411621094
734.616943359375 743.658569335938 762.189208984375 694.950134277344
973.631652832031 720.330139160156 1002.8876953125 676.135437011719
791.196899414062 672.519775390625 809.051940917969 622.728393554688
2076.69287109375 1367.28662109375 2227.44213867188 1326.29711914062
2208.13110351562 1425.95690917969 2357.0888671875 1381.11328125
2143.30590820312 1384.63537597656 2289.97314453125 1342.45458984375
2205.43383789062 1402.04870605469 2351.67065429688 1359.52062988281
2163.79150390625 1403.15612792969 2311.37133789062 1359.26745605469
2185.72290039062 1420.05419921875 2335.67431640625 1376.77478027344
2089.99731445312 1366.92077636719 2238.30395507812 1325.47094726562
2113.13110351562 1369.11938476562 2258.16772460938 1326.73266601562
2119.79052734375 1386.95593261719 2268.55346679688 1345.61376953125
2210.69287109375 1366.21496582031 2345.24780273438 1323.77709960938
2130.9072265625 1393.99719238281 2280.17358398438 1350.65930175781
2151.96337890625 1416.10119628906 2301.94116210938 1372.91467285156
2158.32763671875 1439.82116699219 2307.037109375 1395.08386230469
2205.97412109375 1414.51635742188 2354.00512695312 1370.33654785156
