309
1738.20581054688 1321.35192871094 1894.07922363281 1281.71508789062
1673.40075683594 1289.55712890625 1823.63208007812 1249.00061035156
1589.03295898438 1311.11376953125 1744.44885253906 1270.73107910156
1505.32592773438 1218.85705566406 1647.30517578125 1178.88793945312
1755.89794921875 1299.47119140625 1906.9619140625 1259.02734375
1518.25622558594 1266.80017089844 1668.35400390625 1226.11169433594
1703.53479003906 1295.04345703125 1855.18591308594 1253.73107910156
1726.97839355469 1339.28381347656 1884.25720214844 1298.29516601562
1641.01159667969 1293.20275878906 1796.36682128906 1253.85974121094
1897.75854492188 1318.31665039062 2046.02453613281 1277.40551757812
1626.00659179688 1287.64562988281 1776.31530761719 1247.86474609375
1612.29907226562 1302.35925292969 1768.33581542969 1262.23425292969
1911.29357910156 1317.62365722656 2059.10375976562 1276.85461425781
1703.73547363281 1325.64794921875 1860.15112304688 1284.28649902344
1923.96313476562 1311.34106445312 2068.888671875 1270.43737792969
1529.47094726562 1292.43176269531 1683.068359375 1251.23376464844
1942.98400878906 1323.33837890625 2087.22802734375 1283.11791992188
1634.85986328125 1233.83715820312 1774.552734375 1193.69604492188
1645.21533203125 1316.90246582031 1802.11474609375 1275.57543945312
1857.10876464844 1304.40100097656 2004.69128417969 1263.76489257812
1930.86291503906 1337.21508789062 2078.39794921875 1296.16247558594
1781.81872558594 1340.58557128906 1937.92028808594 1299.34240722656
1821.67004394531 1326.61291503906 1976.75219726562 1285.81750488281
1488.83972167969 1213.01477050781 1629.49877929688 1172.89978027344
1816.60400390625 1297.47924804688 1961.51879882812 1256.94323730469
1676.08288574219 1334.73974609375 1833.69470214844 1293.49621582031
1721.36462402344 1327.68200683594 1876.82666015625 1287.12133789062
1654.44262695312 1234.40515136719 1794.19885253906 1193.94384765625
1804.70727539062 1323.02685546875 1958.77038574219 1282.22888183594
1828.63659667969 1337.00500488281 1984.56311035156 1295.80163574219
1712.90502929688 1349.82348632812 1872.18090820312 1308.27270507812
538.741149902344 913.627868652344 587.844421386719 866.027221679688
517.591979980469 895.446716308594 560.862121582031 846.887512207031
559.081909179688 890.626708984375 604.856811523438 842.846252441406
683.2646484375 742.901977539062 711.320678710938 693.485107421875
983.573791503906 709.839050292969 1013.810546875 664.00830078125
497.983612060547 901.53564453125 542.216857910156 852.956604003906
494.196716308594 920.06396484375 542.787292480469 871.993957519531
664.394958496094 752.269409179688 689.909790039062 702.499389648438
938.278442382812 721.356750488281 969.644104003906 675.270690917969
579.713195800781 910.938354492188 630.980407714844 864.177368164062
560.180419921875 908.967346191406 609.475402832031 861.411682128906
476.120086669922 938.990295410156 526.0634765625 890.6865234375
834.345642089844 711.888000488281 861.409301757812 664.069458007812
917.855224609375 718.386779785156 947.573486328125 671.750732421875
548.067565917969 917.992370605469 599.068054199219 870.743103027344
761.374694824219 721.241149902344 786.195983886719 671.359008789062
663.012023925781 766.20458984375 690.66357421875 716.440307617188
969.679077148438 686.991638183594 995.723999023438 640.780822753906
519.910583496094 940.449340820312 572.75830078125 893.70751953125
649.004028320312 740.953796386719 672.165649414062 690.303527832031
520.618041992188 856.056945800781 556.002868652344 806.873779296875
646.049926757812 759.968688964844 673.562622070312 709.90087890625
936.3046875 699.640808105469 964.122802734375 653.156799316406
817.871398925781 740.255676269531 848.643005371094 692.91357421875
750.715698242188 730.921691894531 777.231872558594 681.308349609375
591.965393066406 891.805480957031 640.304748535156 844.112670898438
541.204162597656 935.522399902344 591.867126464844 887.918395996094
473.477966308594 959.32763671875 524.385681152344 911.325744628906
658.610473632812 723.509155273438 678.238037109375 672.8134765625
505.007446289062 848.384887695312 537.3310546875 798.400329589844
767.690979003906 729.043273925781 794.269287109375 680.64013671875
648.029418945312 826.304504394531 687.50830078125 776.938781738281
739.818603515625 749.468688964844 769.510925292969 700.113342285156
832.055480957031 722.785217285156 860.606994628906 675.110961914062
362.137420654297 762.405334472656 373.146087646484 708.646362304688
848.752258300781 713.143371582031 876.263793945312 665.013549804688
668.043579101562 734.628540039062 690.672790527344 684.891357421875
493.971984863281 845.955017089844 525.964599609375 796.121826171875
814.043212890625 1033.609375 916.029968261719 991.144348144531
827.52587890625 1048.30554199219 929.603393554688 1004.79681396484
376.967102050781 1149.99353027344 478.223937988281 1106.16333007812
914.2333984375 1036.28894042969 1015.77215576172 993.25146484375
832.634887695312 1074.25061035156 937.362609863281 1032.30163574219
402.080322265625 1216.13330078125 516.898376464844 1172.89880371094
903.048278808594 1017.78002929688 1002.41833496094 975.068786621094
603.894714355469 1132.99926757812 709.321044921875 1089.75805664062
643.360595703125 1158.89282226562 757.502868652344 1115.97241210938
619.013366699219 1098.37170410156 714.669311523438 1055.10766601562
764.934509277344 1140.95520019531 879.793518066406 1098.99279785156
1072 1107.85180664062 1190.68591308594 1066.61071777344
298.929840087891 1120.95922851562 387.884155273438 1075.86120605469
267.742279052734 1118.92663574219 355.980987548828 1073.6728515625
369.570617675781 1142.82348632812 470.062286376953 1098.51208496094
556.198120117188 1175.4365234375 666.273681640625 1132.89733886719
509.580505371094 1133.89660644531 611.553100585938 1089.98999023438
814.869812011719 1022.107421875 912.806457519531 978.969116210938
295.898406982422 1082.61987304688 374.644775390625 1036.27563476562
572.7646484375 1127.22802734375 675.8642578125 1083.66918945312
674.166198730469 1107.34997558594 778.438720703125 1064.86596679688
1545.55969238281 1175.04211425781 1676.19592285156 1135.35998535156
1521.80297851562 1165.14562988281 1651.81127929688 1125.2333984375
1532.28723144531 1183.31518554688 1667.22009277344 1144.49987792969
1496.2314453125 1156.62512207031 1625.23486328125 1117.26696777344
1510.52880859375 1170.45922851562 1642.30187988281 1131.2109375
1518.90515136719 1239.5771484375 1662.92541503906 1198.72094726562
1510.55236816406 1159.64208984375 1639.89306640625 1120.11767578125
1497.84033203125 1227.81787109375 1641.4697265625 1187.83374023438
1577.22631835938 1216.75158691406 1718.91650390625 1177.13427734375
1467.96337890625 1150.36169433594 1597.61877441406 1111.19848632812
1549.84643554688 1198.59094238281 1687.02209472656 1158.80615234375
1591.98974609375 1195.47204589844 1723.80859375 1156.11145019531
1565.24047851562 1167.58728027344 1691.98498535156 1128.2802734375
1502.93212890625 1196.10290527344 1642.00524902344 1157.087890625
1590.0546875 1184.99243164062 1719.75476074219 1146.8759765625
1581.93981933594 1205.67016601562 1718.845703125 1166.91650390625
335.440765380859 476.709442138672 296.437194824219 411.873016357422
296.8798828125 512.713806152344 261.997009277344 448.860595703125
599.90625 542.283630371094 586.334045410156 484.837951660156
848.750732421875 475.010223388672 831.878479003906 420.514465332031
831.937683105469 509.825042724609 820.127319335938 455.997589111328
544.593322753906 545.17431640625 529.5078125 486.822601318359
383.799285888672 481.763732910156 347.290740966797 417.906005859375
578.098999023438 503.882568359375 555.372680664062 444.795867919922
608.91845703125 507.120300292969 586.384338378906 448.237213134766
444.514923095703 537.979370117188 417.964141845703 477.376281738281
449.908569335938 562.065063476562 432.011810302734 502.335815429688
346.647277832031 540.681884765625 321.078674316406 478.494110107422
1987.49731445312 793.260498046875 2031.66882324219 761.687561035156
1895.748046875 760.108581542969 1938.5322265625 727.630432128906
1762.56359863281 729.106323242188 1805.02014160156 695.348083496094
1747.11584472656 728.422485351562 1790.74096679688 694.53125
1927.2568359375 766.557922363281 1970.57348632812 734.297058105469
1978.52758789062 780.32177734375 2021.13989257812 748.785034179688
1905.74145507812 776.142944335938 1950.40234375 743.799621582031
1729.83471679688 755.165832519531 1775.162109375 720.599914550781
1842.30554199219 755.240173339844 1885.74853515625 722.247985839844
1763.83825683594 739.254760742188 1807.4375 705.085144042969
1742.21704101562 752.739013671875 1787.35827636719 718.346313476562
1920.01220703125 753.567687988281 1960.68884277344 721.589904785156
2009.52941894531 789.762939453125 2052.919921875 758.8720703125
1966.79895019531 807.011413574219 2011.77514648438 775.122375488281
1733.37512207031 732.610229492188 1776.43200683594 698.30517578125
1907.18920898438 763.973327636719 1949.677734375 731.772399902344
1975.09057617188 798.948852539062 2019.85217285156 767.16015625
1747.73095703125 741.645263671875 1791.56164550781 707.354187011719
1719.35375976562 735.81298828125 1762.54675292969 701.341674804688
1916.91760253906 803.421447753906 1961.43603515625 771.234436035156
1937.23986816406 806.258911132812 1982.91809082031 773.955322265625
1990.37756347656 780.066650390625 2033.07434082031 748.872619628906
1901.01000976562 796.032653808594 1944.81323242188 763.905212402344
1901.82495117188 815.213134765625 1947.45886230469 783.867248535156
1711.69421386719 746.136169433594 1756.11254882812 711.370178222656
1961.95385742188 787.725036621094 2005.83740234375 755.875305175781
2029.15881347656 834.839050292969 2073.6123046875 802.625061035156
1778.99450683594 736.321411132812 1822.27221679688 702.445861816406
2012.51232910156 779.901123046875 2055.29736328125 748.897399902344
1864.1494140625 742.190124511719 1904.63208007812 709.368286132812
2000.92224121094 715.853515625 2031.3759765625 685.045959472656
1653.39782714844 657.912292480469 1682.57604980469 621.671447753906
2004.16613769531 816.640747070312 2048.58081054688 785.217041015625
1636.18542480469 697.877624511719 1674.00305175781 661.583190917969
2022.29675292969 799.390991210938 2065.62158203125 768.123718261719
1830.04235839844 761.548950195312 1874.45275878906 728.898620605469
1737.18835449219 769.389770507812 1783.43359375 735.060852050781
973.498168945312 464.083312988281 962.490112304688 412.160247802734
1324.35302734375 440.044219970703 1314.90612792969 395.2490234375
1186.79113769531 470.120574951172 1179.76391601562 423.436981201172
1146.80859375 446.984832763672 1135.91809082031 398.657745361328
1214.7353515625 491.258392333984 1211.63208007812 445.568542480469
1369.55114746094 498.433502197266 1369.30187988281 456.003814697266
1165.44665527344 452.946136474609 1155.83898925781 405.246612548828
1570.64001464844 1013.03479003906 1661.98620605469 975.901000976562
1558.32397460938 1009.21881103516 1649.14538574219 971.848876953125
1546.87731933594 1008.46319580078 1637.64892578125 971.263671875
1280.28857421875 977.428161621094 1375.75646972656 937.753356933594
1560.49841308594 1019.08410644531 1652.03527832031 981.620239257812
1567.90576171875 1002.42193603516 1658.90856933594 964.083129882812
1323.92504882812 927.080993652344 1395.03759765625 887.835815429688
1486.42407226562 970.807312011719 1568.32080078125 933.766662597656
1517.18469238281 973.52001953125 1593.86645507812 935.844970703125
1261.90283203125 1015.87115478516 1370.30102539062 975.664001464844
1377.25793457031 1009.07965087891 1475.9677734375 970.762756347656
1053.04516601562 527.884887695312 1059.10766601562 479.680145263672
947.4267578125 653.834899902344 969.236511230469 606.373962402344
924.146301269531 677.518676757812 948.638610839844 630.428100585938
804.789245605469 703.811096191406 829.983093261719 655.073059082031
935.136657714844 677.060729980469 958.851501464844 629.973937988281
921.542175292969 513.184875488281 914.257507324219 461.332458496094
1016.08740234375 670.240966796875 1041.32287597656 624.127075195312
799.976318359375 546.8447265625 796.643188476562 493.760833740234
1056.41357421875 660.599487304688 1081.90673828125 615.005859375
892.150024414062 471.839477539062 877.387817382812 418.273895263672
1043.70532226562 663.413330078125 1068.22778320312 617.814575195312
961.091491699219 671.840148925781 981.881408691406 624.004028320312
1138.77197265625 570.289916992188 1143.82629394531 524.816467285156
999.984497070312 668.981750488281 1024.43054199219 623.03173828125
1022.18109130859 678.332275390625 1048.18933105469 632.290649414062
948.953735351562 473.034240722656 938.531127929688 420.675079345703
2296.48413085938 450.292144775391 2280.2900390625 425.792785644531
2194.41479492188 435.569915771484 2177.24926757812 409.105041503906
2256.45703125 614.450866699219 2267.39379882812 588.607360839844
2063.93115234375 416.451782226562 2047.76525878906 387.822204589844
2296.982421875 604.730285644531 2303.91186523438 580.638793945312
2308.66748046875 408.466125488281 2280.11572265625 383.711700439453
2323.80029296875 599.560913085938 2327.62255859375 575.352844238281
2229.27221679688 584.507019042969 2236.9111328125 558.864929199219
2340.79028320312 640.194763183594 2349.90185546875 616.121215820312
2311.90869140625 607.53173828125 2319.44653320312 583.354248046875
2279.9228515625 599.377990722656 2287.900390625 574.739501953125
2122.11791992188 502.513702392578 2114.99072265625 475.148010253906
2354.85986328125 644.451416015625 2365.32275390625 620.218627929688
2299.38525390625 594.558898925781 2305.123046875 570.425537109375
2051.67749023438 430.125427246094 2037.23620605469 401.363800048828
2180.109375 512.085266113281 2173.87548828125 486.055541992188
2270.17431640625 585.697631835938 2276.01293945312 561.061096191406
2272.47094726562 538.553527832031 2263.95166015625 512.493835449219
2348.85986328125 620.460876464844 2355.90478515625 597.021850585938
2189.37451171875 425.843505859375 2172.1845703125 400.051971435547
346.584899902344 575.552307128906 326.963562011719 514.705627441406
219.215728759766 560.481262207031 189.587768554688 497.099548339844
506.456665039062 475.852203369141 477.273895263672 414.141845703125
401.139129638672 534.89794921875 374.012176513672 473.119354248047
554.952392578125 538.423217773438 540.168579101562 480.092559814453
588.556823730469 462.747283935547 560.761779785156 402.052093505859
186.439239501953 515.875305175781 146.229934692383 450.562713623047
681.185302734375 463.736267089844 656.606872558594 404.699554443359
208.726913452148 573.244140625 180.859161376953 510.319274902344
316.099182128906 586.052734375 295.852111816406 525.156982421875
1790.67736816406 430.032775878906 1780.40454101562 395.738342285156
1745.65356445312 451.159515380859 1739.42504882812 415.841003417969
1569.70190429688 429.121490478516 1562.037109375 390.166900634766
1967.85131835938 424.12548828125 1954.72302246094 393.402526855469
873.049377441406 1017.15551757812 970.832946777344 974.308532714844
848.679870605469 1029.00659179688 951.874206542969 985.351745605469
893.686645507812 1024.26672363281 994.214172363281 982.856994628906
831.716796875 1117.05017089844 944.125122070312 1074.79626464844
1072.94909667969 1013.11682128906 1169.04443359375 972.15234375
1084.01159667969 1115.98107910156 1204.19213867188 1074.74609375
1059.81420898438 1119.36169433594 1179.56433105469 1078.74780273438
1066.12316894531 1130.84033203125 1187.25256347656 1089.90832519531
683.368286132812 1223.734375 810.265319824219 1181.76525878906
1048.04174804688 1148.71557617188 1171.3681640625 1107.833984375
2175.97534179688 1465.09875488281 2332.42749023438 1419.103515625
2043.064453125 1381.09240722656 2192.169921875 1338.37377929688
2164.39624023438 1456.35314941406 2321.10424804688 1410.75134277344
2069.41821289062 1412.99230957031 2226.34643554688 1370.53466796875
2040.90686035156 1404.92126464844 2198.58227539062 1361.64147949219
2184.11962890625 1498.16088867188 2342.07641601562 1450.97436523438
2051.19116210938 1415.15844726562 2210.40600585938 1372.5009765625
2201.22143554688 1388.69836425781 2337.18798828125 1345.05895996094
2145.72534179688 1457.03784179688 2302.93359375 1411.53405761719
2208.203125 1460.67492675781 2363.4990234375 1414.38977050781
2157.78100585938 1419.35559082031 2304.82495117188 1375.83142089844
2156.70434570312 1494.90478515625 2314.33959960938 1447.74072265625
1890.09191894531 1597.98974609375 2085.98754882812 1546.88647460938
2167.88623046875 1639.46997070312 2347.080078125 1585.88037109375
1959.36462402344 1599.65441894531 2153.63208007812 1549.24584960938
2228.90991210938 1397.01538085938 2365.15991210938 1353.00012207031
1947.01953125 1617.61499023438 2146.73388671875 1567.53625488281
2046.94421386719 1643.39221191406 2242.78393554688 1590.6650390625
2100.9560546875 1441.58288574219 2261.6806640625 1397.38732910156
799.874328613281 479.836395263672 783.563537597656 425.236236572266
730.496398925781 469.957794189453 709.380920410156 412.552947998047
948.953735351562 473.034240722656 938.531127929688 420.675079345703
578.039367675781 534.388366699219 563.730712890625 476.088531494141
903.649719238281 457.159393310547 886.293334960938 403.376007080078
1747.66723632812 578.616882324219 1764.86791992188 544.371459960938
1780.24035644531 542.24267578125 1792.67626953125 508.836761474609
1631.87133789062 636.099365234375 1656.28796386719 600.219360351562
1737.18835449219 769.389770507812 1783.43359375 735.060852050781
1522.13903808594 669.552490234375 1556.57666015625 631.598083496094
1921.77978515625 543.412109375 1926.8701171875 512.241882324219
1893.01196289062 541.877197265625 1897.48999023438 510.305297851562
1713.2275390625 681.772827148438 1747.36462402344 646.9345703125
1757.93029785156 546.49072265625 1771.23291015625 512.180725097656
1765.92272949219 578.359680175781 1784.19274902344 543.869995117188
1768.89904785156 541.598022460938 1780.9501953125 507.405639648438
1725.47387695312 559.522644042969 1740.3779296875 524.921875
1713.73510742188 670.232421875 1747.13598632812 636.679626464844
1500.70385742188 655.471618652344 1529.55847167969 616.765441894531
1675.00659179688 700.663696289062 1714.56591796875 665.670349121094
484.131500244141 918.9365234375 529.588745117188 871.175659179688
507.980072021484 906.128356933594 553.073669433594 858.655151367188
514.550231933594 925.688781738281 563.336486816406 878.602416992188
349.490600585938 780.145385742188 361.486083984375 725.80126953125
419.814117431641 888.746032714844 455.0849609375 839.005859375
419.508605957031 950.036499023438 467.785614013672 902.178405761719
557.167053222656 923.789489746094 608.504638671875 876.715087890625
468.718597412109 921.775634765625 514.267822265625 874.245056152344
530.914367675781 899.025512695312 576.347534179688 851.239807128906
395.168975830078 960.285949707031 444.513488769531 911.934875488281
397.551300048828 975.708190917969 449.681671142578 929.538269042969
418.7890625 931.447570800781 463.812164306641 883.446533203125
452.098052978516 963.372314453125 504.272918701172 916.673400878906
284.618896484375 791.337036132812 296.369506835938 737.189331054688
1937.80749511719 1305.43786621094 2082.90063476562 1266.23010253906
1959.61206054688 1313.89831542969 2103.18310546875 1273.12194824219
1949.80493164062 1302.90966796875 2092.6318359375 1262.21984863281
1882.65502929688 1302.97241210938 2027.43774414062 1262.37609863281
1925.83581542969 1273.64868164062 2055.84008789062 1233.89147949219
1251.73559570312 545.732971191406 1262.20434570312 501.862396240234
1287.10595703125 547.768005371094 1296.99182128906 504.404327392578
1152.21276855469 535.640075683594 1144.75903320312 487.937042236328
1090.95739746094 470.114868164062 1081.78869628906 420.696319580078
1325.44299316406 588.263427734375 1344.39501953125 546.251281738281
1335.1513671875 509.217468261719 1336.72448730469 466.251953125
1363.89929199219 401.407775878906 1352.77795410156 356.275115966797
1369.09729003906 418.015228271484 1357.65600585938 374.002990722656
2015.07836914062 1703.9462890625 2226.83642578125 1648.35729980469
2016.36120605469 1724.32202148438 2229.64453125 1668.25439453125
1969.96459960938 1673.46459960938 2174.99438476562 1619.25573730469
2029.22485351562 1656.15856933594 2228.27807617188 1603.87683105469
2006.31628417969 1671.23425292969 2209.35498046875 1618.15283203125
1925.14172363281 1662.35046386719 2132.9814453125 1609.79833984375
1981.99035644531 1657.65637207031 2182.4716796875 1604.67224121094
1764.06286621094 1673.88879394531 1974.95666503906 1621.35473632812
1795.14184570312 1708.91870117188 2014.06286621094 1656.24865722656
2042.01013183594 1677.11706542969 2240.89794921875 1622.63134765625
