363
556.101684570312 893.184509277344 601.350402832031 845.278930664062
516.079528808594 897.87109375 559.485168457031 849.352416992188
492.868927001953 922.807922363281 540.405456542969 874.82275390625
675.727966308594 762.481201171875 702.111694335938 713.364318847656
623.543640136719 878.359191894531 669.503356933594 831.15234375
554.059326171875 925.935668945312 604.862609863281 878.729736328125
499.823150634766 930.577331542969 547.955688476562 882.93603515625
884.073608398438 725.044189453125 914.41064453125 678.34423828125
577.822570800781 887.007751464844 623.047180175781 839.204772949219
983.451293945312 710.903564453125 1013.31433105469 665.424682617188
948.899169921875 656.0107421875 970.540588378906 608.788513183594
762.024658203125 724.494323730469 786.629577636719 675.421081542969
544.206298828125 919.260986328125 593.185119628906 871.766174316406
592.695861816406 881.088012695312 637.051147460938 833.260681152344
456.135864257812 923.424011230469 500.222717285156 875.266235351562
956.063842773438 703.611694335938 984.388793945312 658.715698242188
515.228271484375 939.408569335938 567.554748535156 892.098876953125
734.206298828125 741.485107421875 760.633117675781 692.221130371094
979.429565429688 696.917358398438 1007.19970703125 651.106079101562
537.048828125 938.457214355469 587.263732910156 891.082275390625
767.717407226562 702.963317871094 788.950134277344 653.955810546875
967.607849121094 704.969970703125 995.87255859375 658.929565429688
963.633666992188 677.075134277344 987.187316894531 629.489990234375
662.042785644531 759.612854003906 687.987609863281 709.875366210938
948.227233886719 696.387451171875 974.715942382812 650.548095703125
967.940124511719 690.197265625 993.486633300781 644.025939941406
528.525939941406 947.298278808594 580.536743164062 900.400756835938
730.094482421875 787.863098144531 775.100891113281 739.823425292969
413.279754638672 891.819152832031 448.282653808594 842.1025390625
417.729583740234 881.345703125 451.102325439453 831.965270996094
444.267578125 904.623840332031 490.549407958984 855.954345703125
547.82373046875 675.669006347656 555.967834472656 621.09765625
697.220092773438 722.803466796875 718.233154296875 672.520080566406
722.123352050781 694.738403320312 739.406188964844 644.213256835938
664.265502929688 771.294372558594 692.042297363281 721.53662109375
528.493286132812 888.177917480469 572.151000976562 840.191467285156
533.008422851562 788.08935546875 553.808837890625 737.026306152344
819.657348632812 741.749145507812 849.746032714844 694.924072265625
858.693603515625 1015.234375 957.612731933594 972.498779296875
854.203369140625 1032.728515625 956.133178710938 990.283813476562
1082.00927734375 983.919982910156 1175.31335449219 942.824462890625
1517.67224121094 974.074645996094 1605.74963378906 937.177185058594
1067.3818359375 989.864929199219 1160.91528320312 948.706359863281
877.868469238281 1074.70092773438 984.117797851562 1032.70617675781
1311.23425292969 963.028015136719 1403.72131347656 923.883239746094
904.244079589844 998.41015625 1001.10302734375 955.374328613281
1076.08459472656 996.06884765625 1170.31469726562 954.970642089844
1055.00219726562 994.146484375 1148.36083984375 952.875793457031
725.954956054688 1080.16174316406 826.174011230469 1037.16027832031
1569.88989257812 979.869812011719 1658.36486816406 943.403015136719
611.247375488281 994.610412597656 680.428771972656 949.326843261719
1329.82983398438 998.039855957031 1430.66052246094 960.094177246094
618.678833007812 1116.24255371094 718.925659179688 1073.16735839844
1025.21545410156 1003.07293701172 1120.78918457031 961.559326171875
651.927673339844 1083.79248046875 748.243469238281 1040.59924316406
210.386489868164 1075.57348632812 292.064910888672 1031.05053710938
309.92041015625 1096.73852539062 401.986602783203 1052.50964355469
1752.86975097656 1284.08776855469 1903.98181152344 1244.10046386719
1745.81726074219 1302.38879394531 1899.328125 1262.33166503906
1777.32043457031 1289.58557128906 1929.06604003906 1249.68212890625
1720.34155273438 1251.95141601562 1864.77087402344 1212.82470703125
1682.85461425781 1223.95275878906 1821.31750488281 1184.60693359375
1555.34790039062 1271.65563964844 1703.61291503906 1231.2822265625
1619.32373046875 1281.86193847656 1768.83801269531 1241.73425292969
1845.33251953125 1310.50695800781 1997.85803222656 1270.61108398438
1547.24621582031 1208.03625488281 1689.24670410156 1168.84826660156
1873.54284667969 1298.92602539062 2019.59875488281 1259.47729492188
1590.08642578125 1285.87670898438 1740.54443359375 1245.720703125
1628.60119628906 1274.63916015625 1778.16931152344 1235.15295410156
1659.37084960938 1273.92333984375 1810.28930664062 1235.26342773438
1598.61730957031 1183.72277832031 1733.41003417969 1145.83752441406
1576.62231445312 1284.13793945312 1726.47216796875 1244.59777832031
1684.93237304688 1257.55859375 1830.32922363281 1217.72924804688
1660.13708496094 1245.85266113281 1802.736328125 1206.3017578125
1818.14013671875 1293.60583496094 1968.72729492188 1253.75915527344
1849.05261230469 1280.30126953125 1995.84594726562 1240.43432617188
1682.67297363281 1300.09216308594 1834.51843261719 1259.71423339844
1705.6328125 1227.95764160156 1842.79406738281 1188.41259765625
1660.70251464844 1221.80090332031 1801.28247070312 1182.38061523438
1734.02209472656 1255.35400390625 1878.72351074219 1216.19885253906
1755.20947265625 1309.62902832031 1908.21350097656 1268.91613769531
1795.61901855469 1307.27612304688 1946.60363769531 1267.45263671875
1701.47265625 1243.20141601562 1844.64538574219 1204.40539550781
1670.30529785156 1284.36535644531 1820.93151855469 1245.23742675781
1603.15991210938 1281.83178710938 1752.64001464844 1241.77026367188
1836.37609863281 1277.88366699219 1981.60375976562 1238.49182128906
1742.44592285156 1261.14306640625 1888.35961914062 1222.29272460938
1519.01000976562 1269.03466796875 1667.14721679688 1229.07556152344
1658.31176757812 1209.15368652344 1799.06335449219 1170.91394042969
1729.16381835938 1305.1484375 1882.61315917969 1264.84106445312
1563.21264648438 1288.35327148438 1713.80346679688 1248.2763671875
1804.97717285156 1265.80859375 1951.42687988281 1226.79968261719
1775.43298339844 1268.13708496094 1921.13720703125 1229.00708007812
1656.08618164062 1299.2216796875 1805.83459472656 1257.78137207031
1707.5537109375 1282.08605957031 1859.74963378906 1242.63232421875
1790.28137207031 1247.21069335938 1941.89416503906 1208.58361816406
1563.42211914062 990.664855957031 1652.96240234375 954.037353515625
1388.41833496094 1055.55688476562 1497.89660644531 1016.32580566406
1527.99658203125 984.439575195312 1616.16442871094 947.497924804688
1481.22326660156 966.058898925781 1566.09558105469 929.090637207031
1515.06018066406 1092.74548339844 1630.82836914062 1054.69689941406
1498.35327148438 977.834045410156 1586.09155273438 940.747619628906
1537.38903808594 980.004638671875 1625.76184082031 943.214660644531
1330.6337890625 1010.80865478516 1433.91345214844 971.792114257812
1303.72424316406 994.689331054688 1406.48254394531 956.098449707031
1528.94836425781 956.254821777344 1605.43920898438 919.236267089844
1547.07312011719 984.556274414062 1636.29711914062 947.599853515625
1495.72229003906 956.046691894531 1576.76989746094 919.121948242188
1402.3818359375 998.707824707031 1499.37268066406 960.810607910156
1365.42858886719 1001.10052490234 1464.841796875 963.762451171875
740.074401855469 367.862518310547 703.376892089844 307.179382324219
484.847961425781 381.248382568359 435.933563232422 315.337219238281
729.277465820312 454.387237548828 704.475646972656 396.324035644531
568.895874023438 510.722747802734 545.649597167969 451.604278564453
587.880554199219 513.2080078125 565.668273925781 454.429260253906
724.692565917969 474.255157470703 702.611938476562 415.572937011719
501.890747070312 389.281311035156 453.512023925781 323.369934082031
530.923156738281 432.245971679688 492.363616943359 369.306030273438
590.440551757812 460.787872314453 561.832275390625 399.980255126953
512.366760253906 475.91552734375 482.209991455078 414.468444824219
556.999572753906 458.146026611328 526.3759765625 396.426849365234
673.508544921875 400.590393066406 637.838195800781 339.726928710938
363.857727050781 483.447448730469 326.615417480469 418.815460205078
445.845123291016 534.017211914062 421.078094482422 473.523132324219
672.286499023438 451.511169433594 642.10888671875 391.749969482422
696.150573730469 389.112121582031 659.037109375 328.235931396484
250.734848022461 496.574035644531 207.688613891602 430.046630859375
775.000244140625 372.177093505859 740.23388671875 313.044647216797
1255.41027832031 350.778900146484 1230.70068359375 302.939880371094
1326.22631835938 403.315490722656 1312.57543945312 358.799713134766
1319.79431152344 339.375640869141 1296.39611816406 292.901672363281
1281.64697265625 354.068115234375 1257.63305664062 306.865844726562
1292.88244628906 354.912658691406 1269.06079101562 308.029907226562
1171.80786132812 434.298675537109 1158.93225097656 386.434967041016
1002.94116210938 454.912322998047 989.296875 403.374633789062
1287.45874023438 366.377899169922 1263.50903320312 319.636627197266
1096.1943359375 478.722686767578 1087.16027832031 430.263427734375
1150.84289550781 454.031402587891 1140.0029296875 406.357421875
1325.43872070312 440.698120117188 1317.71752929688 395.715240478516
1332.59387207031 359.841949462891 1309.59924316406 313.187866210938
1374.47875976562 363.597259521484 1353.06970214844 319.566314697266
1317.84130859375 394.506591796875 1298.6005859375 348.714050292969
1189.33386230469 470.385894775391 1182.93469238281 424.108123779297
1204.32250976562 424.093902587891 1192.34704589844 376.670562744141
1214.87145996094 492.105804443359 1211.42260742188 446.630859375
1364.14660644531 401.143218994141 1351.24340820312 356.557952880859
1307.9580078125 496.351745605469 1306.73999023438 453.080078125
1384.91687011719 415.606903076172 1372.64172363281 372.230560302734
1248.79577636719 422.842132568359 1235.54772949219 376.452819824219
1097.08361816406 468.195434570312 1086.96789550781 419.652404785156
1189.962890625 457.244934082031 1180.67028808594 410.148132324219
1225.3466796875 488.1181640625 1221.69226074219 442.927917480469
1234.62524414062 367.657135009766 1210.64111328125 319.649536132812
1436.72021484375 417.509979248047 1426.57275390625 374.811614990234
1339.71166992188 381.966430664062 1319.50598144531 336.448547363281
365.076934814453 531.745788574219 338.887786865234 469.183288574219
344.516387939453 777.791625976562 356.489410400391 723.186096191406
757.809753417969 469.818908691406 737.821472167969 413.214782714844
260.545989990234 702.509826660156 250.947662353516 645.609680175781
551.202270507812 527.730529785156 533.212829589844 467.952728271484
872.7958984375 474.655914306641 858.673706054688 420.956573486328
664.162963867188 531.541687011719 650.409912109375 474.897705078125
338.397033691406 765.428894042969 347.580749511719 711.069396972656
784.550109863281 468.039764404297 764.087097167969 411.940399169922
963.942810058594 496.18994140625 955.37255859375 444.876190185547
854.053833007812 484.816772460938 838.546630859375 430.920043945312
633.208740234375 271.373260498047 637.12744140625 204.228775024414
605.020751953125 480.079833984375 580.006225585938 420.532379150391
622.89990234375 489.196075439453 598.834777832031 430.196746826172
733.79541015625 682.912719726562 750.179931640625 632.58837890625
749.275573730469 658.116821289062 762.9375 606.977355957031
393.973999023438 489.023742675781 359.775024414062 424.409271240234
275.124725341797 564.551025390625 249.005706787109 502.020812988281
778.949279785156 419.675415039062 749.203491210938 361.482208251953
263.767486572266 784.47119140625 272.260192871094 729.897521972656
519.918518066406 918.743408203125 569.796752929688 871.535095214844
479.345367431641 922.375610351562 524.18408203125 874.3056640625
495.330474853516 904.6923828125 539.298950195312 855.704833984375
414.102386474609 951.109558105469 461.794677734375 903.029235839844
440.688537597656 944.183898925781 488.016143798828 896.29248046875
439.103088378906 929.66015625 482.146209716797 881.566528320312
530.839904785156 924.465209960938 580.770202636719 876.980712890625
526.912231445312 976.4296875 588.175231933594 930.22998046875
412.842346191406 931.961975097656 456.964141845703 883.508178710938
447.595123291016 961.856506347656 499.238830566406 914.401916503906
516.083679199219 992.276733398438 580.735900878906 946.971374511719
486.043670654297 772.550659179688 533.442749023438 719.973022460938
1921.15405273438 785.142700195312 1964.18310546875 753.666198730469
1949.43188476562 787.769287109375 1991.48608398438 756.525573730469
1897.40771484375 760.972229003906 1939.68603515625 729.132263183594
1951.05419921875 798.980651855469 1994.29638671875 767.914672851562
1935.74658203125 788.861572265625 1978.74499511719 757.466796875
1962.07983398438 777.622436523438 2003.85009765625 746.536804199219
1970.92004394531 802.14599609375 2014.39599609375 771.218017578125
1994.30114746094 792.269287109375 2036.49914550781 761.185424804688
1727.02038574219 764.614074707031 1771.6494140625 730.778198242188
1977.25549316406 782.718505859375 2018.97399902344 752.058959960938
1871.2041015625 761.817565917969 1913.18859863281 729.774230957031
1909.04211425781 765.908508300781 1951.15112304688 734.250793457031
1898.00170898438 784.638122558594 1941.17041015625 753.046691894531
1986.35217285156 716.03564453125 2018.13354492188 686.094543457031
1903.71472167969 799.888122558594 1947.1201171875 768.173889160156
1968.94104003906 767.355407714844 2009.40014648438 735.940490722656
1734.08239746094 736.401489257812 1776.07482910156 702.755065917969
1993.23742675781 810.895874023438 2036.86926269531 780.177001953125
1746.74072265625 749.851928710938 1789.8916015625 716.437805175781
1743.94665527344 761.593627929688 1788.1044921875 727.83642578125
1720.99890136719 754.133972167969 1764.29370117188 720.274536132812
2004.15356445312 797.31103515625 2046.46081542969 766.9755859375
1947.86950683594 775.184143066406 1989.73962402344 743.840087890625
1715.60998535156 682.939453125 1750.59240722656 649.286254882812
1914.26989746094 572.550048828125 1929.63549804688 542.635314941406
1999.20080566406 694.522644042969 2026.83056640625 665.020141601562
1949.25524902344 760.042053222656 1989.21484375 729.206726074219
1934.05224609375 804.221130371094 1978.32641601562 772.987182617188
1895.13732910156 817.224670410156 1937.8173828125 785.019836425781
1957.15710449219 753.079345703125 1997.06408691406 722.040405273438
1961.35583496094 811.470825195312 2005.70642089844 780.374206542969
1988.91809082031 764.941162109375 2028.56604003906 734.537414550781
1947.20678710938 809.361328125 1993.03894042969 779.059936523438
1909.73156738281 754.36328125 1949.66076660156 723.276916503906
2032.40185546875 837.638610839844 2074.9052734375 806.284912109375
1738.54113769531 772.362609863281 1783.64074707031 738.478393554688
1771.77673339844 720.589294433594 1810.82739257812 688.171447753906
1696.966796875 683.8017578125 1728.93615722656 649.523132324219
1779.78283691406 741.647277832031 1821.62744140625 708.305419921875
848.095336914062 738.675048828125 879.622985839844 691.373779296875
739.749206542969 727.987976074219 764.620910644531 678.81005859375
951.807800292969 716.707580566406 982.290100097656 670.730773925781
779.470703125 563.636474609375 779.411193847656 510.673583984375
806.812255859375 741.307800292969 836.569702148438 693.961303710938
867.679565429688 727.218688964844 897.815307617188 680.438659667969
1017.13012695312 693.600158691406 1045.62292480469 648.450317382812
919.213989257812 714.506652832031 948.321166992188 668.079223632812
838.21533203125 715.451049804688 864.618347167969 667.636474609375
741.966125488281 751.938171386719 767.932800292969 702.807861328125
815.445251464844 713.771789550781 842.726623535156 664.55322265625
659.448486328125 748.9052734375 682.375610351562 699.251403808594
693.979187011719 707.490173339844 712.864318847656 657.284362792969
998.813598632812 672.177795410156 1022.97528076172 626.553283691406
2171.07055664062 457.299499511719 2156.353515625 432.078674316406
2197.98950195312 378.048797607422 2170.93481445312 354.096130371094
2144.94580078125 415.447357177734 2125.70263671875 390.115905761719
2180.98217773438 387.722900390625 2154.43530273438 363.478363037109
2247.767578125 506.6767578125 2238.35180664062 483.53271484375
2348.4365234375 529.312377929688 2338.51513671875 508.179870605469
2075.07836914062 386.067291259766 2051.69140625 359.436126708984
2254.6015625 612.154479980469 2263.67333984375 588.129333496094
2253.1015625 379.787689208984 2224.05078125 357.020141601562
2311.5 624.953552246094 2320.11474609375 601.4267578125
2320.86181640625 611.871459960938 2326.921875 588.684204101562
2290.78564453125 445.65087890625 2270.70581054688 423.548858642578
2064.4296875 416.274230957031 2047.30590820312 388.759307861328
2124.09399414062 412.338256835938 2104.408203125 386.149993896484
2226.599609375 462.639709472656 2211.21826171875 439.34423828125
2254.7744140625 464.869781494141 2237.77807617188 441.617370605469
2146.189453125 379.643371582031 2120.3857421875 354.324523925781
2333.99755859375 518.97021484375 2321.37158203125 497.073852539062
2134.05541992188 422.539581298828 2115.58666992188 396.748687744141
2295.08227539062 606.634155273438 2301.72314453125 583.470520019531
2168.5654296875 377.994720458984 2141.26342773438 353.362609863281
2269.83642578125 582.123168945312 2274.07397460938 558.98193359375
2268.95849609375 364.303924560547 2235.88940429688 342.758331298828
2262.45874023438 564.163940429688 2264.13989257812 541.311279296875
2179.77612304688 483.355529785156 2169.51123046875 458.616790771484
2053.33984375 429.217102050781 2036.98046875 401.584564208984
2281.22729492188 565.025634765625 2281.06762695312 541.8916015625
2318.70361328125 596.748718261719 2319.92456054688 574.895202636719
2311.66845703125 582.272705078125 2314.826171875 559.779663085938
2283.09130859375 576.309143066406 2286.70678710938 553.957092285156
2270.55029296875 605.136108398438 2277.5908203125 581.54443359375
2270.91357421875 594.543640136719 2276.37939453125 570.173889160156
2106.30078125 418.328308105469 2088.77075195312 392.130554199219
2348.16259765625 568.112182617188 2346.00610351562 546.309265136719
2305.8125 611.960083007812 2313.97998046875 588.738647460938
2253.75732421875 581.854248046875 2258.384765625 558.129516601562
2293.62426757812 596.100891113281 2296.62622070312 574.24609375
1984.89416503906 474.456756591797 1977.16088867188 446.464202880859
1575.83447265625 536.289855957031 1585.46142578125 498.750030517578
2111.58642578125 350.866638183594 2079.36767578125 324.813873291016
1728.63049316406 542.242065429688 1740.82385253906 508.192535400391
2157.28979492188 349.622314453125 2125.41918945312 324.522064208984
1886.181640625 449.307525634766 1878.33666992188 417.624633789062
1551.45349121094 357.228210449219 1530.40087890625 316.502197265625
1960.7060546875 456.800109863281 1950.09313964844 427.434997558594
2089.82275390625 304.506530761719 2053.18090820312 277.877258300781
1744.23962402344 560.260070800781 1758.12268066406 525.917114257812
1766.40563964844 435.762359619141 1757.62451171875 401.28369140625
1431.89758300781 503.191131591797 1431.9609375 462.694030761719
1631.31750488281 351.133911132812 1608.69177246094 312.935241699219
1737.26733398438 428.155364990234 1729.02978515625 393.164642333984
1501.56030273438 1135.958984375 1625.83349609375 1096.32189941406
1603.33911132812 1162.14587402344 1729.44494628906 1123.46142578125
1511.09533691406 1143.84008789062 1639.83520507812 1105.41149902344
1646.12316894531 1213.27490234375 1787.58703613281 1175.67858886719
1553.45629882812 1247.40783691406 1699.82922363281 1207.15563964844
1590.05529785156 1165.14794921875 1719.01281738281 1126.32678222656
1649.56750488281 1231.68579101562 1792.57458496094 1192.45910644531
1495.55126953125 1171.80041503906 1624.6708984375 1132.48217773438
1523.380859375 1133.21765136719 1650.33154296875 1093.8056640625
1575.625 1148.11791992188 1700.93395996094 1109.38635253906
1610.03833007812 1184.68969726562 1745.26733398438 1147.05029296875
1497.47155761719 1149.77978515625 1625.62731933594 1111.24353027344
1486.90173339844 1136.47473144531 1614.26257324219 1097.63012695312
1576.43225097656 1160.46545410156 1707.42150878906 1122.19006347656
1514.30920410156 1165.560546875 1647.04614257812 1127.99230957031
1589.6220703125 1118.73999023438 1706.8134765625 1080.71643066406
1699.20190429688 523.688903808594 1709.92980957031 488.819152832031
1622.3720703125 686.723083496094 1658.19128417969 651.068542480469
1714.03771972656 669.714233398438 1745.83459472656 635.673828125
1734.84899902344 756.950378417969 1778.373046875 723.179931640625
1893.74194335938 539.192199707031 1895.67578125 507.994720458984
1757.88671875 555.974975585938 1771.28894042969 522.183471679688
1503.53283691406 559.255554199219 1518.06274414062 520.87744140625
1711.69323730469 571.482849121094 1724.68542480469 536.303405761719
1727.24951171875 694.556091308594 1761.34545898438 659.684509277344
1744.03100585938 531.367797851562 1751.85192871094 497.553894042969
1504.06860351562 510.749572753906 1506.65478515625 471.793273925781
1921.66857910156 545.073181152344 1930.44738769531 514.085510253906
1799.34301757812 535.765991210938 1810.94213867188 503.636932373047
701.002319335938 1175.34545898438 816.268798828125 1134.08715820312
543.687866210938 1116.96594238281 628.130004882812 1073.96350097656
379.067657470703 1121.77746582031 477.148834228516 1077.96069335938
523.18896484375 423.091949462891 482.820159912109 359.314697265625
991.053894042969 458.922393798828 980.078002929688 407.388214111328
1151.74291992188 391.41064453125 1128.888671875 341.797027587891
1368.51708984375 386.124389648438 1347.35168457031 342.103149414062
1339.71166992188 381.966430664062 1319.50598144531 336.448547363281
1372.20434570312 468.468963623047 1373.15832519531 426.998352050781
902.250732421875 1011.18994140625 1000.53619384766 968.907958984375
831.863403320312 1021.59332275391 926.768005371094 979.857971191406
872.380126953125 1031.08935546875 976.093688964844 988.68798828125
837.67236328125 1114.64001464844 948.11279296875 1072.66638183594
978.819519042969 996.939819335938 1074.24621582031 954.791198730469
917.246276855469 1010.982421875 1015.33807373047 968.684692382812
2260.91625976562 590.938232421875 2266.13452148438 567.215515136719
2329.93432617188 647.082275390625 2330.67651367188 623.119750976562
2293.62426757812 596.100891113281 2296.62622070312 574.24609375
2351.68603515625 587.72802734375 2353.8056640625 566.133911132812
2238.85668945312 588.863464355469 2246.26611328125 564.85205078125
2338.189453125 641.34228515625 2345.8671875 617.433349609375
2363.14916992188 635.210632324219 2370.19213867188 612.816650390625
2253.75732421875 581.854248046875 2258.384765625 558.129516601562
2337.16650390625 495.520233154297 2320.41723632812 474.735015869141
2297.17944335938 620.311096191406 2304.79150390625 597.075134277344
2209.36987304688 805.206726074219 2246.75952148438 777.724426269531
359.930603027344 761.1513671875 370.258636474609 705.993957519531
272.029754638672 607.270080566406 252.457138061523 546.02978515625
223.193328857422 795.714294433594 232.585647583008 740.280883789062
313.203216552734 767.485961914062 323.007598876953 713.331237792969
188.925369262695 513.052429199219 164.101364135742 446.424713134766
341.129455566406 529.308349609375 311.316345214844 466.307922363281
241.813766479492 790.6806640625 250.309616088867 735.338623046875
2071.16821289062 1382.2841796875 2222.5498046875 1339.39392089844
2171.39453125 1430.39233398438 2321.7255859375 1385.57934570312
2204.6123046875 1414.2080078125 2350.19018554688 1370.02954101562
2140.54565429688 1405.04211425781 2288.34130859375 1360.6162109375
2157.85302734375 1441.2744140625 2312.55029296875 1395.98645019531
2046.8388671875 1382.37939453125 2200.1484375 1339.22839355469
2160.27075195312 1395.71472167969 2305.69897460938 1352.3486328125
2030.53869628906 1368.62341308594 2183.80395507812 1325.96447753906
2209.02319335938 1375.23620605469 2343.21630859375 1332.31274414062
2162.52197265625 1419.50903320312 2311.64306640625 1374.93444824219
