311
917.0263671875 684.720153808594 941.776550292969 637.494079589844
681.506591796875 741.469604492188 710.223876953125 690.655517578125
593.175476074219 903.2705078125 643.927001953125 856.1201171875
510.162506103516 927.835144042969 559.683410644531 880.275390625
518.33154296875 893.607116699219 561.703918457031 845.285339355469
883.108764648438 724.652038574219 913.266845703125 677.867126464844
630.036499023438 751.816223144531 653.813354492188 701.406677246094
662.182312011719 762.777099609375 689.627014160156 712.925109863281
831.872375488281 709.640686035156 858.993957519531 661.66748046875
498.987213134766 899.556213378906 542.862243652344 851.145080566406
917.564819335938 717.204162597656 947.585510253906 670.643371582031
845.249694824219 736.93701171875 876.62548828125 689.768493652344
770.041442871094 717.994567871094 796.320556640625 668.880798339844
949.697998046875 692.434387207031 976.360900878906 646.571960449219
1016.75744628906 668.015380859375 1041.70837402344 622.033264160156
532.021118164062 885.906311035156 575.999572753906 838.059326171875
571.971740722656 893.899169921875 617.547607421875 847.419006347656
522.577575683594 852.696105957031 557.621765136719 803.787963867188
680.008056640625 721.051208496094 701.29833984375 670.682250976562
817.295654296875 739.665588378906 847.570739746094 692.241333007812
332.899719238281 771.941162109375 343.161376953125 718.008239746094
502.970764160156 889.160522460938 545.886474609375 840.906616210938
454.605255126953 877.254516601562 489.853881835938 828.190368652344
764.273681640625 726.653137207031 788.309020996094 677.356140136719
1000.16522216797 666.989379882812 1024.70434570312 621.1328125
748.60693359375 702.196105957031 770.1005859375 652.0263671875
542.285339355469 955.825134277344 595.4365234375 908.261962890625
710.202087402344 728.373901367188 735.008178710938 678.601867675781
841.631652832031 701.107055664062 867.607116699219 652.597351074219
975.302062988281 715.421997070312 1005.74688720703 669.66845703125
716.801574707031 742.218017578125 742.332702636719 693.647521972656
423.385833740234 934.178955078125 469.359771728516 885.950927734375
475.838623046875 956.7158203125 525.210021972656 908.659423828125
789.949951171875 686.798278808594 811.699768066406 637.26171875
366.009674072266 785.8076171875 379.963287353516 731.9599609375
363.507751464844 762.285766601562 373.861145019531 708.557006835938
1000.45544433594 697.257751464844 1028.99145507812 651.516662597656
1605.33044433594 1291.25366210938 1759.79479980469 1250.904296875
1549.80297851562 1302.57434082031 1706.57751464844 1262.05834960938
1662.58178710938 1299.48754882812 1816.3525390625 1258.52294921875
1648.20629882812 1310.89855957031 1803.57189941406 1269.45666503906
1672.01159667969 1331.4326171875 1829.94677734375 1290.57885742188
1628.49987792969 1245.21362304688 1768.23449707031 1204.95434570312
1480.06494140625 1233.79174804688 1624.21166992188 1193.64709472656
1749.69946289062 1315.25817871094 1900.54699707031 1275.26184082031
1580.58837890625 1321.72241210938 1737.97192382812 1281.43627929688
1601.81799316406 1310.28503417969 1759.60485839844 1270.12548828125
1736.0048828125 1330.794921875 1890.34631347656 1289.37231445312
1720.03649902344 1309.80798339844 1870.92199707031 1268.81042480469
1880.90307617188 1318.24768066406 2026.13671875 1277.67834472656
1644.07019042969 1337.56665039062 1802.8056640625 1296.87072753906
1631.669921875 1276.92761230469 1781.66955566406 1236.48046875
1677.90502929688 1252.33288574219 1816.94213867188 1212.09338378906
1658.34985351562 1326.47985839844 1814.16528320312 1285.42663574219
1663.177734375 1338.37268066406 1821.58679199219 1297.45642089844
1744.29357910156 1281.84399414062 1882.18713378906 1241.57971191406
1623.19714355469 1315.34545898438 1780.93859863281 1274.54235839844
1628.38305664062 1288.64880371094 1780.5302734375 1249.61975097656
1528.13513183594 1210.2763671875 1665.47546386719 1170.99694824219
1582.12768554688 1334.65161132812 1739.25012207031 1294.0537109375
1565.17797851562 1315.23168945312 1722.55603027344 1274.43505859375
1633.67224121094 1332.2197265625 1792.51025390625 1291.19421386719
1625.01696777344 1326.30358886719 1783.43640136719 1285.32373046875
1728.18859863281 1322.29577636719 1881.77404785156 1282.17004394531
1872.17846679688 1342.8857421875 2022.92004394531 1301.79858398438
1703.54760742188 1266.95153808594 1841.14245605469 1226.94860839844
1527.56701660156 1319.81079101562 1684.14721679688 1278.60424804688
1641.95397949219 1325.01550292969 1799.92846679688 1284.27893066406
1762.54211425781 1322.38684082031 1915.25939941406 1281.40930175781
1792.86669921875 1312.03796386719 1939.08044433594 1272.5380859375
1762.01501464844 728.119018554688 1804.33666992188 694.684997558594
1716.95153808594 722.637512207031 1759.22521972656 688.243713378906
1963.64184570312 775.984497070312 2009.49792480469 744.377075195312
2008.23620605469 788.211975097656 2051.26049804688 757.641174316406
1894.97790527344 759.69921875 1937.61987304688 727.572509765625
1841.05163574219 753.518249511719 1884.30847167969 720.706848144531
1965.31018066406 803.39794921875 2010.89624023438 772.076416015625
1513.78918457031 678.584228515625 1549.03430175781 640.803771972656
1741.48107910156 728.17138671875 1784.5322265625 694.335632324219
1863.08752441406 749.469116210938 1905.09631347656 716.871459960938
1941.15881347656 756.174865722656 1981.93225097656 725.014465332031
1973.99169921875 794.920715332031 2018.33032226562 763.777893066406
1902.20654296875 774.115234375 1946.49377441406 742.015014648438
1911.74951171875 754.244995117188 1953.009765625 722.696838378906
1731.77319335938 731.7841796875 1774.40710449219 697.966857910156
1718.66516113281 733.710632324219 1761.45812988281 699.191955566406
1774.22204589844 739.977661132812 1818.29724121094 706.403198242188
1753.54516601562 720.5146484375 1796.59020996094 686.450012207031
1710.89526367188 742.477294921875 1755.14880371094 708.243774414062
2000.29370117188 692.696594238281 2028.77075195312 662.591003417969
1777.89465332031 578.131286621094 1797.00463867188 544.286926269531
1957.72985839844 788.164306640625 2002.55004882812 756.899963378906
1918.79870605469 800.224243164062 1964.033203125 768.44287109375
1653.03112792969 657.610595703125 1682.70373535156 621.781799316406
1909.41223144531 831.801879882812 1957.08642578125 800.375
1751.27758789062 708.816650390625 1785.14233398438 675.786376953125
1935.42492675781 795.072143554688 1980.90197753906 763.545227050781
1675.78894042969 752.615112304688 1719.97827148438 717.654296875
1789.830078125 758.299743652344 1834.57165527344 725.600769042969
1778.89685058594 718.2392578125 1819.12072753906 684.789794921875
1867.24011230469 589.333984375 1885.9130859375 557.403442382812
2047.05187988281 711.0068359375 2076.03100585938 681.835815429688
1865.96826171875 575.543151855469 1882.3515625 543.588684082031
1882.98803710938 738.674926757812 1922.99560546875 706.154724121094
1984.91198730469 757.889404296875 2024.43566894531 726.91552734375
1737.91516113281 766.350524902344 1784.12634277344 732.48486328125
2212.46899414062 393.348785400391 2185.70434570312 369.361907958984
2170.6982421875 458.155487060547 2156.05834960938 432.466491699219
2243.9306640625 508.849609375 2233.90185546875 485.128387451172
2324.10888671875 478.926452636719 2305.98974609375 457.015960693359
2142.02416992188 417.232635498047 2122.04028320312 392.011474609375
2222.76904296875 460.116607666016 2207.75708007812 435.805419921875
2032.96691894531 440.51513671875 2019.45092773438 411.963348388672
2295.31201171875 384.395355224609 2266.01928710938 363.189758300781
2182.861328125 386.324310302734 2156.6416015625 361.345489501953
2144.6962890625 374.691802978516 2119.88916015625 348.796783447266
1995.30834960938 423.252319335938 1982.42993164062 393.045684814453
2157.94555664062 494.181304931641 2148.91040039062 467.981414794922
2128.89184570312 424.366760253906 2112.103515625 397.859100341797
1998.19274902344 388.789947509766 1978.5888671875 359.670104980469
2126.09692382812 456.358764648438 2113.8037109375 430.111389160156
2110.74560546875 377.856262207031 2085.44384765625 351.106903076172
540.073547363281 911.683532714844 588.705627441406 864.223876953125
484.41650390625 917.142639160156 529.854614257812 869.153198242188
560.297119140625 888.826293945312 606.006408691406 840.956420898438
468.598999023438 942.442565917969 518.455810546875 894.800903320312
463.990570068359 929.448852539062 511.226654052734 881.508056640625
421.663513183594 947.855651855469 469.439849853516 899.873718261719
530.762084960938 898.086547851562 576.469055175781 850.457153320312
478.230072021484 936.487243652344 527.615844726562 888.09765625
458.197662353516 943.240356445312 507.649536132812 895.557312011719
420.407257080078 963.312805175781 470.833557128906 915.553833007812
491.782104492188 964.009643554688 547.863586425781 917.739929199219
444.641143798828 938.800354003906 492.004180908203 892.144470214844
473.320953369141 925.346862792969 521.136840820312 877.317810058594
521.3837890625 939.884521484375 573.927490234375 893.027526855469
553.461181640625 872.426330566406 599.537353515625 824.4892578125
352.284637451172 474.547760009766 313.373260498047 409.849182128906
772.996337890625 418.779357910156 744.201965332031 360.783782958984
848.602661132812 468.262603759766 832.260864257812 414.104522705078
754.746032714844 470.904022216797 735.361999511719 414.126129150391
527.571411132812 434.00146484375 489.669036865234 371.138397216797
728.78955078125 469.488067626953 707.993347167969 412.145202636719
561.717956542969 462.833435058594 532.592224121094 401.857971191406
578.576904296875 454.595336914062 547.705322265625 393.333343505859
474.472473144531 505.463745117188 446.536041259766 444.730621337891
343.160461425781 484.227691650391 304.652130126953 419.736145019531
586.645568847656 462.830078125 557.95703125 401.972076416016
361.830688476562 528.235961914062 332.957916259766 465.061279296875
613.358825683594 483.442169189453 588.918151855469 424.120910644531
797.543273925781 1054.69860839844 900.689636230469 1011.74609375
837.825378417969 1062.09252929688 945.090698242188 1019.45581054688
862.539001464844 1050.24072265625 966.391967773438 1008.09313964844
846.928344726562 1055.26049804688 953.893127441406 1013.16650390625
412.956207275391 1200.85217285156 525.177307128906 1157.44958496094
272.048614501953 1124.71630859375 361.161041259766 1079.86694335938
1029.97509765625 1033.63256835938 1129.28552246094 992.725524902344
1064.94653320312 1014.03503417969 1158.021484375 973.003051757812
861.020263671875 1080.27587890625 969.875671386719 1038.01196289062
811.837951660156 1019.38366699219 909.696533203125 976.670288085938
898.67431640625 1074.19152832031 1001.16918945312 1033.24487304688
250.170181274414 1123.09655761719 338.257995605469 1077.83410644531
1292.98388671875 1027.87182617188 1398.015625 988.351745605469
246.00505065918 1132.76489257812 334.763458251953 1087.6044921875
550.948974609375 1136.58911132812 651.919067382812 1093.654296875
560.687561035156 1139.81213378906 664.166076660156 1096.99841308594
433.069976806641 1209.78686523438 548.372619628906 1167.29479980469
170.183013916016 1165.64477539062 268.085418701172 1121.30615234375
1264.8857421875 992.397277832031 1359.68627929688 953.313720703125
1138.0166015625 1008.07147216797 1231.90649414062 967.554016113281
1592.7685546875 1230.515625 1731.69909667969 1190.53295898438
1514.05419921875 1174.71667480469 1643.955078125 1135.076171875
1537.82421875 1184.20483398438 1668.12243652344 1144.79089355469
1475.96923828125 1215.86389160156 1617.453125 1175.9208984375
1578.96630859375 1306.19323730469 1736.12377929688 1265.453125
1532.60888671875 1174.24169921875 1661.08215332031 1134.89916992188
1558.32568359375 1175.00451660156 1684.95959472656 1135.88220214844
1583.33288574219 1206.97705078125 1715.1806640625 1167.07629394531
1491.58911132812 1245.24035644531 1637.29846191406 1204.63012695312
968.938903808594 463.216400146484 957.697875976562 411.692016601562
1239.39270019531 509.7548828125 1239.81811523438 464.952941894531
1164.23413085938 453.421783447266 1154.03173828125 405.655670166016
1013.07580566406 488.578155517578 1005.91729736328 438.444458007812
1367.791015625 418.235229492188 1356.65319824219 373.961761474609
1369.13549804688 399.793212890625 1355.26538085938 355.823272705078
1212.00769042969 431.532135009766 1200.51672363281 384.306976318359
1200.82385253906 439.970458984375 1189.56103515625 393.190124511719
1215.09045410156 490.659362792969 1211.28063964844 445.155853271484
1208.10034179688 448.241668701172 1197.75122070312 401.518005371094
1776.97900390625 437.911590576172 1769.97827148438 402.625396728516
1491.80444335938 397.516357421875 1475.791015625 356.398468017578
1920.68725585938 544.789367675781 1925.74304199219 513.869079589844
1761.60400390625 381.511169433594 1743.27209472656 346.254425048828
2110.74560546875 377.856262207031 2085.44384765625 351.106903076172
1784.84350585938 492.179504394531 1780.97253417969 458.416778564453
1791.0712890625 234.508743286133 1784.580078125 199.186935424805
1756.24877929688 435.695037841797 1748.16577148438 400.751831054688
2334.46997070312 518.226623535156 2322.78247070312 496.487243652344
1617.41137695312 538.215148925781 1639.01391601562 500.540832519531
2360.78198242188 587.482788085938 2359.01708984375 565.1669921875
2225.3837890625 612.92626953125 2238.1240234375 587.944946289062
2314.42846679688 605.640075683594 2322.14990234375 581.641906738281
2267.46118164062 556.707702636719 2263.8671875 532.305725097656
1496.93701171875 659.678039550781 1527.25061035156 620.158447265625
2341.4033203125 638.880126953125 2351.103515625 615.734619140625
1687.71142578125 538.833740234375 1699.12390136719 503.071166992188
1757.14270019531 547.517456054688 1770.73193359375 513.884887695312
1570.978515625 540.677551269531 1582.8017578125 503.213531494141
1893.15832519531 541.604309082031 1897.16296386719 509.921661376953
1770.34899902344 559.386779785156 1784.74353027344 525.23583984375
1713.56237792969 544.908752441406 1724.357421875 510.235076904297
2349.3916015625 618.611999511719 2356.06274414062 595.61474609375
2308.7734375 626.77001953125 2319.60717773438 602.887512207031
2334.90356445312 613.08837890625 2341.56079101562 589.788940429688
2181.6669921875 512.007690429688 2172.16625976562 486.1259765625
2272.23413085938 586.104736328125 2277.30053710938 561.994812011719
1702.48046875 551.226196289062 1718.15295410156 515.691345214844
1509.86877441406 998.489868164062 1595.67785644531 961.442138671875
1542.92297363281 1017.43090820312 1633.79602050781 980.437744140625
1351.62268066406 929.242858886719 1420.54711914062 890.351318359375
1513.72473144531 1009.96411132812 1602.59094238281 971.268981933594
1499.978515625 1006.96789550781 1589.53381347656 969.648315429688
1462.32751464844 974.799987792969 1544.06079101562 937.282287597656
1416.32531738281 880.832275390625 1475.61645507812 843.053100585938
1525.33972167969 991.938171386719 1606.86181640625 953.708557128906
1467.99792480469 1004.26519775391 1556.57348632812 966.286804199219
1370.19177246094 816.901184082031 1420.267578125 778.879455566406
838.572387695312 1038.83032226562 942.282287597656 995.889831542969
877.1474609375 1041.21337890625 974.362731933594 1000.2392578125
819.44580078125 1038.91088867188 921.081481933594 995.681823730469
812.513305664062 1031.1259765625 909.910583496094 989.349548339844
1051.66430664062 1125.60607910156 1171.69555664062 1084.89514160156
770.498840332031 1078.50268554688 874.526550292969 1035.35766601562
672.073852539062 1127.28540039062 780.19287109375 1084.81909179688
559.528381347656 539.771911621094 543.238647460938 481.603637695312
271.995330810547 481.259857177734 229.772216796875 415.571655273438
281.303558349609 291.828796386719 229.356063842773 217.537567138672
564.432983398438 566.803771972656 552.797790527344 510.047393798828
625.845520019531 558.9345703125 616.21240234375 502.772003173828
537.753173828125 426.944458007812 499.626159667969 363.546203613281
313.322631835938 586.048583984375 292.651123046875 524.950134277344
354.016082763672 537.446411132812 328.352020263672 475.769714355469
362.594879150391 465.090423583984 323.513549804688 399.945068359375
494.548248291016 460.435516357422 461.167266845703 398.029327392578
613.358825683594 483.442169189453 588.918151855469 424.120910644531
695.095947265625 533.188049316406 681.131530761719 477.699859619141
2156.9052734375 1472.70300292969 2314.97021484375 1426.79040527344
2189.73950195312 1442.62902832031 2334.05859375 1396.76672363281
2060.69458007812 1418.11059570312 2217.27392578125 1374.71020507812
2031.87109375 1413.84484863281 2189.01635742188 1370.28649902344
2071.59008789062 1438.60900878906 2230.07641601562 1394.32592773438
2197.91088867188 1393.22778320312 2333.93310546875 1349.71997070312
2204.3837890625 1479.56982421875 2358.82934570312 1432.20263671875
2190.50512695312 1489.74938964844 2349.25268554688 1443.52502441406
2043.74621582031 1392.69226074219 2193.98583984375 1349.81201171875
2137.373046875 1432.95275878906 2286.29321289062 1389.09155273438
2184.86694335938 1452.16760253906 2330.40698242188 1406.68615722656
2110.40283203125 1438.44592285156 2265.46826171875 1393.14428710938
2217.12060546875 1455.267578125 2362.978515625 1409.23193359375
2160.21484375 1488.15454101562 2320.1318359375 1442.91064453125
2132.71923828125 1461.85998535156 2291.72436523438 1417.17553710938
2141.83520507812 1443.03857421875 2293.87451171875 1399.21838378906
2053.86938476562 1431.35437011719 2213.6865234375 1387.783203125
2200.21020507812 1502.80895996094 2359.13452148438 1454.78088378906
2179.2275390625 1500.0693359375 2338.4306640625 1452.34802246094
947.3583984375 515.942810058594 942.06005859375 465.458587646484
1053.78283691406 485.942749023438 1046.49157714844 436.338317871094
1867.19189453125 1589.6953125 2067.88525390625 1543.19067382812
2016.34545898438 1746.33483886719 2231.7880859375 1690.82299804688
1936.32568359375 1593.97814941406 2135.47314453125 1545.84631347656
2086.18041992188 1680.29467773438 2283.43798828125 1627.79321289062
1984.70654296875 1613.47094726562 2175.62548828125 1564.20654296875
2078.10205078125 1634.02001953125 2265.1728515625 1581.86633300781
2051.9951171875 1698.98803710938 2252.02026367188 1644.48205566406
983.495727539062 708.763488769531 1013.70501708984 663.062377929688
663.266052246094 749.693786621094 688.822448730469 700.002746582031
861.861999511719 470.059020996094 845.249816894531 415.362152099609
1053.78283691406 485.942749023438 1046.49157714844 436.338317871094
1449.06457519531 655.331970214844 1481.38159179688 616.602905273438
898.357116699219 270.743438720703 919.54150390625 211.088745117188
1249.48901367188 546.140502929688 1259.90600585938 502.289276123047
934.904296875 691.90087890625 961.643371582031 644.602661132812
1233.61596679688 568.588256835938 1248.99011230469 524.944030761719
715.994873046875 547.340393066406 708.726623535156 492.813385009766
798.955993652344 547.024841308594 794.767700195312 494.057556152344
1305.26086425781 640.034851074219 1334.017578125 598.875
847.34375 711.789916992188 874.693054199219 663.955078125
485.834381103516 1215.13293457031 602.088928222656 1172.86206054688
289.216339111328 1097.48046875 368.267150878906 1051.85705566406
93.3185348510742 1098.70739746094 167.674057006836 1052.40112304688
89.0414276123047 1118.92541503906 173.691192626953 1072.70520019531
332.317291259766 1190.57495117188 454.588104248047 1149.66491699219
447.685607910156 1210.04956054688 562.830749511719 1167.021484375
261.053894042969 1130.78259277344 350.8115234375 1086.00939941406
85.6966171264648 1179.68054199219 183.820190429688 1134.92529296875
387.869079589844 1217.95629882812 502.642639160156 1175.16577148438
117.455230712891 1136.54541015625 206.344604492188 1092.36364746094
184.981079101562 1169.58703613281 283.860809326172 1125.24987792969
414.101196289062 1151.54516601562 514.302856445312 1107.7001953125
1385.77941894531 407.788940429688 1372.56103515625 364.201629638672
1602.27502441406 537.696166992188 1612.85632324219 500.380676269531
1319.26293945312 420.10205078125 1308.14770507812 375.205780029297
1324.90368652344 588.939025878906 1343.23510742188 547.119384765625
1470.64978027344 569.679748535156 1487.68603515625 530.459350585938
1353.26049804688 505.123870849609 1354.08825683594 462.854766845703
1943.92724609375 782.309875488281 1989.21533203125 751.015502929688
1984.38244628906 792.005920410156 2031.42578125 760.027038574219
1883.60534667969 767.180480957031 1927.66833496094 734.500427246094
1826.19116210938 760.1123046875 1873.53649902344 727.984313964844
2028.42846679688 832.865905761719 2073.64428710938 801.487182617188
2003.04846191406 705.639892578125 2032.66625976562 675.221496582031
