312
517.212768554688 897.411987304688 560.14404296875 848.863098144531
507.158081054688 907.632568359375 552.063842773438 859.909423828125
557.666198730469 892.220886230469 602.980346679688 844.45458984375
496.965515136719 902.662353515625 540.839050292969 854.120849609375
347.44775390625 779.281982421875 359.887023925781 724.708618164062
916.25439453125 684.978698730469 940.62060546875 637.847778320312
591.567321777344 907.484375 641.587463378906 860.150024414062
501.694366455078 929.585205078125 549.990478515625 881.704650878906
675.424621582031 760.150756835938 701.852416992188 710.854919433594
578.269897460938 913.445739746094 628.981140136719 866.471374511719
462.644744873047 932.909973144531 509.361145019531 885.024230957031
846.99658203125 738.17919921875 878.423583984375 690.9755859375
458.327545166016 922.011657714844 502.531524658203 873.719787597656
546.843933105469 918.768371582031 596.183715820312 871.205871582031
934.691284179688 677.595031738281 958.072937011719 630.653869628906
951.99560546875 716.687438964844 983.403503417969 670.619140625
956.496643066406 703.019165039062 985.025390625 657.725646972656
630.926879882812 757.26123046875 654.459533691406 707.029846191406
571.003479003906 896.271667480469 616.586730957031 849.681213378906
742.274841308594 728.204406738281 767.576721191406 679.235229492188
519.12548828125 858.065673828125 553.649780273438 808.891784667969
650.109558105469 743.258728027344 672.788208007812 692.868469238281
733.565063476562 739.141235351562 759.6708984375 689.83251953125
665.178955078125 754.455932617188 690.396240234375 704.69677734375
837.078552246094 713.820617675781 863.61328125 666.072326660156
539.067687988281 936.684692382812 589.168518066406 889.312316894531
590.163269042969 893.948669433594 638.1728515625 846.266662597656
768.610290527344 731.028869628906 794.962097167969 682.760192871094
948.57763671875 695.527038574219 975.60986328125 649.8603515625
473.361267089844 959.967834472656 521.8115234375 912.0009765625
499.559814453125 891.113037109375 542.266906738281 842.898376464844
456.060882568359 880.385192871094 490.919647216797 830.830017089844
732.05517578125 680.475524902344 748.629455566406 629.977478027344
731.929382324219 721.869018554688 754.999877929688 672.567443847656
664.038330078125 769.09716796875 691.231567382812 719.337463378906
720.819458007812 692.163757324219 738.070678710938 641.639099121094
741.371154785156 750.803771972656 770.189453125 701.778015136719
562.001281738281 876.116333007812 607.417663574219 827.862060546875
928.031494140625 713.244689941406 956.63623046875 666.828430175781
999.518310546875 670.770446777344 1023.57788085938 625.032165527344
853.169677734375 1020.87200927734 953.591064453125 978.255676269531
877.77490234375 1007.74005126953 974.020141601562 965.090942382812
906.166137695312 1030.07409667969 1006.62139892578 987.911010742188
880.322448730469 1044.58068847656 980.768981933594 1003.00744628906
907.121826171875 1015.361328125 1006.13116455078 973.077819824219
673.925537109375 1096.86450195312 774.593444824219 1053.91589355469
1063.80541992188 999.691284179688 1157.7763671875 958.983459472656
659.318664550781 1074.17370605469 751.86865234375 1030.60424804688
674.106079101562 1191.12072753906 794.327209472656 1149.23132324219
836.290344238281 1006.61108398438 934.005004882812 964.306335449219
1073.33227539062 1005.21392822266 1167.67016601562 963.991333007812
1096.623046875 1000.08874511719 1190.88842773438 959.2958984375
1137.25805664062 992.231262207031 1229.79296875 951.569396972656
1145.8984375 998.054931640625 1237.90002441406 957.520446777344
1160.14660644531 995.925842285156 1251.95129394531 955.807006835938
597.940856933594 1124.08471679688 699.991577148438 1080.90661621094
1669.47375488281 1291.27648925781 1825.47937011719 1250.25915527344
1613.619140625 1294.07263183594 1765.65490722656 1253.76025390625
1541.06225585938 1277.51770019531 1690.82568359375 1237.27380371094
1919.88220214844 1304.05993652344 2064.29370117188 1264.80200195312
1671.33239746094 1316.47705078125 1825.7109375 1276.04138183594
1713.23913574219 1332.70031738281 1869.78356933594 1292.03247070312
1861.03564453125 1298.44409179688 2007.43225097656 1259.02416992188
1851.80786132812 1306.13696289062 1999.23352050781 1266.44616699219
1521.93444824219 1231.26293945312 1665.37707519531 1191.8095703125
1670.29162597656 1301.48120117188 1823.46630859375 1261.98095703125
1537.41784667969 1289.97375488281 1689.11975097656 1250.12341308594
1582.79382324219 1289.64587402344 1734.95910644531 1249.79772949219
1683.064453125 1319.04467773438 1837.8447265625 1278.81628417969
1693.83349609375 1309.47985839844 1847.025390625 1269.09350585938
1601.69970703125 1203.80151367188 1735.80224609375 1164.68566894531
1636.42797851562 1223.16467285156 1777.5830078125 1184.67114257812
1908.49108886719 1291.98266601562 2053.111328125 1253.00317382812
1642.26391601562 1262.64086914062 1786.42761230469 1221.89147949219
1682.03137207031 1265.6181640625 1828.50366210938 1226.19946289062
1315.16418457031 1030.6953125 1422.17724609375 991.243591308594
1553.39123535156 1168.07678222656 1683.81005859375 1130.18908691406
1474.43774414062 1143.19470214844 1603.11328125 1104.22192382812
1409.96704101562 1025.90209960938 1510.84033203125 987.2861328125
1517.11511230469 1191.81237792969 1653.98449707031 1153.59838867188
1582.84912109375 1174.04370117188 1712.22302246094 1135.30834960938
1520.94177246094 1160.37463378906 1650.64587402344 1122.18981933594
1543.14880371094 1175.57727050781 1676.64990234375 1137.91479492188
1587.97583007812 1195.45886230469 1724.2890625 1156.74890136719
1515.79638671875 1203.9306640625 1654.1083984375 1164.3095703125
1562.77136230469 1177.71057128906 1695.54846191406 1138.69128417969
1571.10754394531 1158.93395996094 1696.93518066406 1120.34326171875
978.079772949219 464.301940917969 966.783020019531 412.790771484375
1325.05895996094 440.636932373047 1315.83959960938 396.049194335938
1188.00964355469 470.429473876953 1180.40832519531 424.064208984375
1320.66955566406 414.366577148438 1308.19616699219 369.760162353516
1096.15661621094 478.910583496094 1087.89086914062 430.361572265625
1356.75158691406 415.466339111328 1344.56994628906 372.239318847656
1365.27868652344 400.645660400391 1352.05700683594 356.642730712891
1310.91076660156 405.334838867188 1297.57263183594 359.532775878906
1248.56579589844 422.884063720703 1235.63427734375 376.669616699219
1128.39709472656 507.849731445312 1126.71423339844 461.161926269531
1215.12951660156 491.76171875 1211.08203125 446.455474853516
1574.65649414062 1002.41217041016 1665.48229980469 965.753601074219
1560.99084472656 999.016967773438 1650.85400390625 962.739562988281
1291.55651855469 967.68310546875 1384.78308105469 928.898559570312
1315.96301269531 1016.95159912109 1419.84167480469 977.914672851562
1499.11669921875 978.300231933594 1578.36450195312 939.903747558594
1550.49157714844 1000.19049072266 1640.35827636719 963.5791015625
1305.45629882812 969.540222167969 1398.91943359375 930.956604003906
1522.93896484375 993.382446289062 1611.7216796875 956.389892578125
1476.97229003906 973.169189453125 1561.89636230469 936.363647460938
1528.66674804688 961.502807617188 1604.53405761719 925.047119140625
1356.66052246094 924.278015136719 1425.88024902344 885.915588378906
1304.81884765625 1018.64654541016 1409.71948242188 979.893310546875
1301.23937988281 982.694641113281 1396.31140136719 943.3486328125
1490.68395996094 963.695983886719 1571.85107421875 926.936401367188
1319.43579101562 1005.6767578125 1421.1416015625 967.094604492188
1422.95690917969 1024.72912597656 1526.87524414062 985.756225585938
236.924514770508 457.091461181641 190.353118896484 389.853240966797
337.593414306641 477.878753662109 298.718719482422 413.168762207031
274.183746337891 483.121765136719 231.827026367188 417.175537109375
174.280548095703 509.786102294922 133.27473449707 443.344055175781
362.098846435547 533.52587890625 335.908294677734 471.148101806641
722.9189453125 460.325958251953 700.21044921875 402.574554443359
568.767150878906 457.811798095703 538.877685546875 396.602508544922
579.480590820312 504.131317138672 556.355407714844 445.182098388672
453.224792480469 561.239807128906 435.406005859375 501.444885253906
287.898895263672 549.247924804688 260.017425537109 486.203491210938
218.79931640625 512.701904296875 180.770751953125 447.219543457031
393.693450927734 488.60107421875 357.473205566406 424.720458984375
272.826446533203 565.072204589844 246.689193725586 503.378143310547
224.299591064453 521.076354980469 187.208938598633 455.122039794922
555.14501953125 457.769378662109 525.099548339844 396.525726318359
509.837219238281 475.727600097656 479.499664306641 414.052581787109
444.811889648438 536.121520996094 419.493286132812 475.229553222656
383.645690917969 482.298858642578 347.694946289062 418.321044921875
365.139678955078 482.919738769531 327.266662597656 418.506591796875
391.721496582031 549.106384277344 369.284606933594 487.8701171875
614.885681152344 453.040252685547 586.598571777344 392.773406982422
600.302062988281 541.367614746094 586.834167480469 483.801177978516
1948.47888183594 786.728515625 1991.263671875 755.550842285156
1921.9853515625 783.734741210938 1964.36096191406 752.060241699219
1984.77368164062 796.131164550781 2028.02075195312 766.025024414062
1747.05297851562 729.653259277344 1788.841796875 696.057373046875
1896.78198242188 760.607727050781 1938.81982421875 728.950927734375
1763.43383789062 730.086730957031 1805.07019042969 697.239379882812
1925.83972167969 767.934387207031 1967.72045898438 736.406799316406
1951.65222167969 796.666931152344 1995.53955078125 765.816467285156
1921.34973144531 753.747680664062 1961.17578125 722.910400390625
1935.43176269531 787.23291015625 1978.44250488281 756.039428710938
1886.46960449219 777.748657226562 1929.31982421875 745.962219238281
1943.72900390625 754.353881835938 1983.91662597656 723.543090820312
1977.53295898438 781.622009277344 2019.80395507812 751.082397460938
1896.42712402344 773.411010742188 1938.86181640625 741.793334960938
1743.78930664062 757.337463378906 1788.22814941406 723.871337890625
2016.20349121094 659.668334960938 2036.88244628906 630.675842285156
1763.42309570312 742.775756835938 1806.30810546875 709.755859375
1909.14392089844 765.229614257812 1951.5595703125 733.767761230469
1753.67907714844 721.490417480469 1794.76489257812 687.547485351562
1968.78125 807.294311523438 2013.13391113281 776.646362304688
1909.81970214844 653.62451171875 1932.75402832031 622.875183105469
2008.92651367188 790.5615234375 2051.05517578125 760.844299316406
1665.20849609375 673.642639160156 1697.98278808594 638.542846679688
2027.15600585938 721.21875 2058.09497070312 691.83642578125
1907.43249511719 812.277221679688 1951.20275878906 780.879333496094
1913.84777832031 574.912475585938 1929.32629394531 544.82568359375
1957.21411132812 754.361633300781 1997.21154785156 723.830383300781
1714.38464355469 737.299560546875 1756.83117675781 703.901611328125
1897.52868652344 816.458251953125 1942.03210449219 785.583190917969
2000.13403320312 694.147338867188 2027.28283691406 664.787536621094
1876.126953125 770.865661621094 1919.42370605469 739.051574707031
1939.25146484375 741.888854980469 1978.4443359375 711.205078125
2048.06225585938 712.701110839844 2077.04516601562 684.246826171875
2001.47375488281 716.163940429688 2032.62561035156 686.558410644531
1696.51232910156 684.870239257812 1727.37609863281 650.546203613281
675.268005371094 533.11669921875 662.944030761719 477.004791259766
725.50244140625 472.714935302734 702.020202636719 417.158264160156
844.241088867188 470.611541748047 823.498229980469 417.805023193359
830.964111328125 510.793121337891 822.015991210938 456.665588378906
962.360656738281 494.918121337891 954.221801757812 443.528625488281
2211.54125976562 393.726196289062 2184.78979492188 370.074401855469
2170.708984375 458.486572265625 2156.51147460938 432.882965087891
2247.66259765625 508.237335205078 2237.61108398438 485.426239013672
2174.177734375 238.291885375977 2159.24853515625 215.562850952148
2325.5634765625 532.814880371094 2315.33618164062 511.326446533203
2133.47680664062 423.706146240234 2114.21240234375 397.784332275391
2253.76904296875 379.60693359375 2226.08544921875 357.358184814453
2145.96459960938 376.825134277344 2120.20141601562 351.430023193359
2052.44140625 429.720031738281 2036.92504882812 402.21044921875
2167.72485351562 378.0546875 2141.75146484375 352.981750488281
2262.337890625 565.906127929688 2263.94189453125 542.615539550781
2161.98583984375 469.970764160156 2149.06005859375 445.124755859375
2320.0595703125 494.600402832031 2305.87231445312 472.999877929688
2084.17846679688 412.222991943359 2066.7802734375 385.288665771484
2005.31579589844 467.181365966797 1998.22570800781 438.717071533203
2239.08081054688 383.514801025391 2210.1455078125 360.448608398438
2077.08422851562 366.368347167969 2053.55444335938 339.648895263672
2039.83142089844 494.096008300781 2040.91979980469 467.498748779297
2253.95385742188 583.64404296875 2259.87524414062 559.890869140625
1939.26281738281 1288.04833984375 2082.17260742188 1249.19799804688
1957.20324707031 1292.97155761719 2098.00219726562 1252.65576171875
1928.02990722656 1297.44128417969 2072.25048828125 1258.25329589844
2202.029296875 1426.18054199219 2347.98266601562 1382.19946289062
2040.80297851562 1382.72863769531 2194.79150390625 1340.63354492188
2210.2255859375 1471.30798339844 2364.84008789062 1425.16638183594
2188.26416015625 1474.71484375 2343.44970703125 1427.568359375
2114.2099609375 1361.43188476562 2251.63500976562 1320.33813476562
1938.43969726562 1301.6640625 2083.3876953125 1262.26574707031
2005.15563964844 1360.40600585938 2159.18481445312 1319.39135742188
2187.55004882812 1430.58764648438 2333.48657226562 1385.39501953125
2150.81689453125 1440.93835449219 2304.24389648438 1396.44958496094
1951.92102050781 1301.57043457031 2093.85278320312 1261.90173339844
2080.8310546875 1412.44787597656 2235.11865234375 1368.15319824219
2202.24560546875 1440.67614746094 2352.08959960938 1396.55627441406
1917.47229003906 1316.06823730469 2064.13891601562 1276.08618164062
2174.9111328125 1463.53112792969 2329.3798828125 1418.25024414062
2217.32763671875 1483.248046875 2371.56958007812 1436.86767578125
2160.68676757812 1433.61059570312 2312.13330078125 1388.77001953125
2165.9501953125 1452.55212402344 2319.20336914062 1407.63134765625
2028.71484375 1321.43334960938 2165.77416992188 1281.66882324219
2231.18530273438 1390.3642578125 2365.9521484375 1348.01928710938
1500.26538085938 748.231689453125 1544.49206542969 711.285461425781
999.518310546875 670.770446777344 1023.57788085938 625.032165527344
948.553649902344 654.974792480469 969.838134765625 607.626220703125
1326.86743164062 587.665222167969 1345.18957519531 546.111389160156
969.010009765625 688.983520507812 994.738342285156 642.996643066406
928.031494140625 713.244689941406 956.63623046875 666.828430175781
964.005737304688 676.079345703125 987.756103515625 628.716186523438
1015.59594726562 672.025268554688 1040.31469726562 626.035888671875
992.708129882812 579.078491210938 1001.35717773438 531.441833496094
1320.32983398438 611.363647460938 1342.62646484375 570.003479003906
1336.34143066406 509.309234619141 1337.86596679688 467.199829101562
131.57795715332 1097.86071777344 215.995269775391 1051.11047363281
251.182739257812 1104.763671875 337.552978515625 1058.97778320312
405.187133789062 958.458984375 452.827209472656 910.887573242188
285.604309082031 1080.06372070312 364.155212402344 1033.98156738281
364.157135009766 1077.68884277344 448.951538085938 1031.73034667969
278.209228515625 1111.578125 364.909423828125 1065.73962402344
188.339981079102 1078.10034179688 265.318298339844 1030.94592285156
176.539489746094 1126.86877441406 268.180297851562 1081.11645507812
303.790740966797 1106.77709960938 390.332733154297 1061.39611816406
116.612106323242 1161.40576171875 212.733459472656 1116.02490234375
332.694519042969 1007.98266601562 416.898590087891 959.00439453125
373.783264160156 1132.40698242188 472.994079589844 1087.75744628906
272.597900390625 1102.9462890625 358.698516845703 1057.31921386719
399.080932617188 1125.25415039062 494.006286621094 1081.51818847656
327.632354736328 1170.81359863281 431.395721435547 1126.6025390625
1085.73388671875 993.201782226562 1178.89184570312 952.538757324219
872.216430664062 1038.18493652344 972.927734375 994.134094238281
886.396789550781 1034.56237792969 986.810668945312 990.638854980469
865.794555664062 1004.26385498047 962.901550292969 961.050170898438
835.3349609375 1115.43884277344 946.019470214844 1073.21423339844
1075.10437011719 1116.83422851562 1194.90893554688 1075.44873046875
1076.35656738281 1132.31457519531 1196.71142578125 1091.55395507812
1064.93395996094 1029.58740234375 1163.92846679688 989.257446289062
1062.67333984375 1116.30432128906 1181.85327148438 1076.27844238281
1070.2861328125 991.974670410156 1166.51782226562 950.722106933594
824.39404296875 957.729309082031 892.16748046875 914.313842773438
1805.92810058594 482.724609375 1802.22204589844 450.286865234375
1744.46350097656 452.149749755859 1739.59594726562 417.562225341797
1759.08813476562 1281.30297851562 1906.85290527344 1241.76818847656
1610.84985351562 1210.03295898438 1749.50427246094 1170.48034667969
1756.90100097656 1330.18225097656 1911.90942382812 1288.17260742188
1528.33178710938 1276.04943847656 1678.99450683594 1236.181640625
1785.54211425781 1291.39880371094 1932.17932128906 1250.47033691406
1802.77111816406 1295.8623046875 1950.90124511719 1256.33898925781
1682.03137207031 1265.6181640625 1828.50366210938 1226.19946289062
991.016235351562 506.053466796875 985.066833496094 456.2744140625
1336.34143066406 509.309234619141 1337.86596679688 467.199829101562
1177.62268066406 254.821411132812 1174.23120117188 202.822204589844
1343.03930664062 414.297485351562 1330.64770507812 369.867431640625
288.8154296875 602.422302246094 269.692626953125 541.330322265625
583.14892578125 532.266235351562 566.949768066406 474.284759521484
372.859649658203 537.892822265625 347.405487060547 475.671661376953
339.098876953125 530.165588378906 309.743377685547 467.341125488281
200.187713623047 514.121826171875 160.960159301758 448.099273681641
453.037048339844 526.298522949219 427.797576904297 464.293762207031
522.239440917969 917.791625976562 571.863342285156 870.40283203125
513.299255371094 926.703735351562 561.486877441406 879.965515136719
534.009155273438 907.076477050781 581.406555175781 858.730102539062
474.582824707031 940.572631835938 524.098815917969 892.500183105469
361.909576416016 763.060424804688 372.292144775391 709.00244140625
471.287780761719 908.239074707031 515.212097167969 858.051574707031
318.004180908203 793.458374023438 332.08740234375 739.634826660156
528.873596191406 978.712646484375 590.187316894531 932.384155273438
339.961608886719 766.098388671875 349.361755371094 711.371887207031
313.944061279297 769.446533203125 323.666412353516 715.54052734375
449.637573242188 953.169738769531 499.147583007812 905.307922363281
558.087585449219 1002.19952392578 621.138061523438 956.476623535156
283.170074462891 790.005187988281 294.640075683594 735.572692871094
416.594848632812 930.565307617188 460.612701416016 882.436462402344
508.807678222656 860.11474609375 534.085021972656 810.393737792969
663.160278320312 533.748962402344 649.4384765625 477.124603271484
567.683349609375 475.223907470703 540.178466796875 414.956726074219
749.845031738281 500.086273193359 731.457946777344 444.671325683594
590.706359863281 462.490844726562 561.335083007812 401.132995605469
700.073852539062 461.539978027344 677.063232421875 404.105041503906
895.031005859375 472.516510009766 883.611145019531 418.949066162109
2351.150390625 540.102111816406 2340.1044921875 518.834838867188
2336.20068359375 604.690856933594 2342.30932617188 582.830444335938
2348.326171875 622.146728515625 2355.21557617188 600.08056640625
2240.04345703125 589.437438964844 2247.47900390625 565.368774414062
2228.9873046875 583.792419433594 2236.48461914062 559.380554199219
2254.92504882812 613.272644042969 2265.90991210938 589.457153320312
2309.07177734375 585.194152832031 2313.70874023438 561.7138671875
2330.58422851562 647.194580078125 2340.29907226562 624.634643554688
2295.986328125 605.53271484375 2302.5283203125 582.64208984375
2368.3984375 618.358520507812 2374.08032226562 596.508544921875
2315.66357421875 596.819702148438 2320.1552734375 574.337463378906
2270.7890625 584.52734375 2275.06982421875 561.390014648438
2279.171875 599.296020507812 2287.64868164062 575.425476074219
2357.31713867188 607.632080078125 2363.0634765625 585.905456542969
2354.89770507812 645.248229980469 2364.56469726562 622.332397460938
2254.73461914062 464.485870361328 2238.44140625 440.316345214844
2309.09545898438 611.067077636719 2328.72485351562 588.494445800781
2270.212890625 536.356079101562 2262.11157226562 512.092224121094
