333
1756.05407714844 1267.99047851562 1905.42370605469 1228.88403320312
1852.34436035156 1274.8525390625 2000.67602539062 1235.0498046875
1718.81945800781 1275.927734375 1869.10327148438 1235.89660644531
1729.41015625 1236.22595214844 1872.36889648438 1197.20886230469
1633.37280273438 1284.58264160156 1781.35168457031 1245.24035644531
1633.26159667969 1272.11315917969 1781.17895507812 1232.65490722656
1701.76782226562 1260.25158691406 1850.98474121094 1221.00109863281
1608.94299316406 1274.87817382812 1756.96728515625 1234.65576171875
1820.03210449219 1257.07531738281 1965.60803222656 1218.0498046875
1697.31665039062 1280.22192382812 1847.49975585938 1240.37060546875
1707.958984375 1243.71105957031 1852.48742675781 1204.02331542969
1736.76574707031 1223.89599609375 1877.55322265625 1184.05041503906
1568.78820800781 1198.25219726562 1706.09753417969 1157.25512695312
1569.34643554688 1217.15710449219 1712.02978515625 1177.15795898438
1558.52697753906 1238.83642578125 1702.52307128906 1199.31494140625
1667.58666992188 1279.40930175781 1816.42272949219 1239.56408691406
1616.06066894531 1183.78674316406 1750.90356445312 1144.23767089844
1743.17041015625 1285.61450195312 1894.31787109375 1245.57775878906
1671.84948730469 1233.51745605469 1815.77685546875 1194.54150390625
1656.69018554688 1263.19738769531 1804.62280273438 1223.7783203125
1730.67895507812 1267.20568847656 1880.52160644531 1227.61474609375
1548.02502441406 1249.4326171875 1693.60729980469 1209.69152832031
1825.80456542969 1267.54260253906 1973.56677246094 1228.642578125
1573.27038574219 1261.22375488281 1719.859375 1220.80114746094
1839.02551269531 1286.63024902344 1987.08959960938 1247.15991210938
1643.99694824219 1258.99792480469 1791.83093261719 1219.03955078125
1574.02563476562 1167.31274414062 1707.85681152344 1128.2275390625
1799.19311523438 1274.47534179688 1947.80554199219 1235.09350585938
1724.26696777344 1246.978515625 1868.11962890625 1206.38452148438
1832.28552246094 1244.45043945312 1977.45825195312 1205.47961425781
1615.62097167969 1261.15942382812 1763.47375488281 1221.69714355469
1672.69616699219 1200.15661621094 1811.96301269531 1161.59997558594
1528.23620605469 1272.61828613281 1676.57739257812 1232.17175292969
1622.46069335938 1274.02673339844 1770.48071289062 1233.92932128906
1694.86242675781 1248.99340820312 1839.06433105469 1209.08129882812
1552.3232421875 1267.00146484375 1699.75024414062 1226.75085449219
676.323303222656 764.891723632812 702.622497558594 716.014831542969
621.455383300781 879.527404785156 667.970703125 832.485412597656
849.851013183594 739.061157226562 881.283020019531 691.995361328125
740.916259765625 729.967407226562 765.601684570312 680.848571777344
686.149536132812 749.077819824219 713.502990722656 697.410522460938
983.231628417969 711.529235839844 1013.25744628906 666.071655273438
949.964721679688 657.312622070312 971.565185546875 610.20751953125
897.619506835938 725.457580566406 927.864013671875 678.755676269531
629.808837890625 762.888854980469 653.307495117188 713.082275390625
954.542541503906 716.108947753906 984.867980957031 670.235656738281
566.29931640625 899.345520019531 612.78955078125 851.99072265625
650.469543457031 747.717895507812 672.552490234375 697.757995605469
653.744812011719 772.706726074219 680.769775390625 723.696594238281
768.591857910156 704.229858398438 789.376342773438 655.247741699219
662.567687988281 761.841247558594 688.404357910156 712.191772460938
709.954528808594 741.07421875 734.694396972656 691.637817382812
839.19775390625 716.916870117188 865.327087402344 668.967895507812
661.646423339844 748.495239257812 684.515380859375 698.831115722656
641.133056640625 742.741333007812 662.769897460938 691.999816894531
861.635803222656 725.726379394531 892.034118652344 678.3720703125
410.271423339844 890.857238769531 445.306488037109 841.28564453125
717.924438476562 732.17236328125 742.656982421875 683.279357910156
641.113830566406 776.034790039062 667.29736328125 726.179931640625
669.838439941406 740.755615234375 692.250183105469 691.300903320312
487.166748046875 856.024658203125 518.023193359375 806.497863769531
623.171630859375 751.281372070312 644.2646484375 701.163391113281
548.179382324219 675.725769042969 556.763549804688 621.613708496094
807.298645019531 742.185729980469 838.301025390625 694.34912109375
847.916015625 728.321228027344 877.092712402344 680.975524902344
817.329528808594 715.73291015625 842.412536621094 667.456237792969
1222.87841796875 1035.80993652344 1328.15124511719 995.716979980469
1533.521484375 975.647583007812 1621.76440429688 938.524353027344
1549.22839355469 975.895874023438 1638.04724121094 939.029846191406
1506.89392089844 976.591186523438 1594.61987304688 939.466613769531
1300.57373046875 990.695556640625 1406.90246582031 951.268615722656
1576.275390625 989.443176269531 1664.357421875 952.188293457031
1560.16967773438 972.274841308594 1648.82543945312 935.8349609375
1554.0029296875 984.899780273438 1643.44921875 948.001647949219
1317.79138183594 958.05615234375 1409.55517578125 919.059020996094
1331.61218261719 1000.24566650391 1433.88793945312 961.606384277344
1511.01892089844 1139.99279785156 1639.44885253906 1101.22900390625
1573.56262207031 974.804382324219 1661.99743652344 938.067932128906
1533.34558105469 1090.19311523438 1649.24975585938 1051.86999511719
1727.17443847656 1022.21392822266 1816.90905761719 984.353088378906
1333.38073730469 1032.29736328125 1444.00695800781 993.14501953125
1522.98559570312 1006.08880615234 1613.69970703125 968.984008789062
1605.29431152344 1000.49652099609 1693.95556640625 964.287841796875
1394.25244140625 1048.71655273438 1503.50048828125 1009.82983398438
1152.02160644531 1006.89312744141 1252.72106933594 966.463073730469
1567.91076660156 1127.42578125 1692.54650878906 1087.82141113281
503.343353271484 911.031127929688 549.450012207031 862.385620117188
449.696685791016 936.930541992188 497.828399658203 888.965881347656
518.152038574219 899.606384277344 559.059143066406 850.645202636719
411.041107177734 952.297241210938 459.058959960938 904.396057128906
588.856201171875 911.074768066406 640.208251953125 864.246704101562
453.572784423828 924.942138671875 497.994354248047 877.060485839844
514.573974609375 940.947814941406 566.874633789062 893.923156738281
462.422027587891 940.6572265625 510.464660644531 893.040100097656
528.281799316406 901.001770019531 574.062683105469 853.001525878906
461.211395263672 918.028686523438 504.996490478516 869.800415039062
604.820373535156 988.492248535156 673.955932617188 943.250305175781
588.657470703125 896.720031738281 636.447509765625 849.783996582031
576.992797851562 917.289245605469 627.654052734375 870.302673339844
535.814147949219 939.801330566406 586.357360839844 892.531127929688
467.183441162109 909.108581542969 509.678283691406 859.626281738281
562.945068359375 919.73486328125 615.411437988281 871.723510742188
550.222229003906 908.008972167969 597.812866210938 860.619934082031
429.475219726562 958.6025390625 479.7255859375 911.136474609375
414.368225097656 880.579956054688 448.223114013672 831.261413574219
368.881530761719 941.981750488281 411.507293701172 893.447265625
383.676971435547 965.109802246094 432.427398681641 917.096496582031
444.244934082031 918.988098144531 487.452880859375 870.779602050781
525.590454101562 973.560668945312 587.380065917969 927.55224609375
464.818481445312 876.949462890625 499.816192626953 827.364013671875
409.821868896484 933.23193359375 454.818725585938 883.117309570312
445.028228759766 961.080749511719 496.88330078125 913.899047851562
1921.69897460938 786.896667480469 1964.62182617188 754.809814453125
1748.18981933594 732.743286132812 1789.35070800781 698.770324707031
1951.97131347656 786.846923828125 1992.9970703125 755.456726074219
1898.71618652344 761.676391601562 1941.04150390625 729.373413085938
1856.58239746094 783.573974609375 1899.18371582031 751.321533203125
1729.0361328125 728.013549804688 1770.06506347656 693.826049804688
1906.669921875 774.264953613281 1948.12365722656 742.045776367188
1935.17077636719 791.005859375 1978.71948242188 759.027160644531
1765.98547363281 734.101501464844 1807.05249023438 700.625793457031
1983.95251464844 799.600036621094 2026.57666015625 768.652404785156
1869.43310546875 753.839477539062 1910.31921386719 721.153015136719
1964.82177734375 778.834777832031 2006.92822265625 747.139099121094
1932.88195800781 769.665222167969 1974.65087890625 737.197937011719
1848.587890625 746.371398925781 1889.3779296875 713.462219238281
1968.63623046875 799.158264160156 2011.37683105469 767.794555664062
1922.69958496094 753.002075195312 1962.64978027344 721.389587402344
1903.63403320312 800.633605957031 1947.01306152344 768.618957519531
1895.35009765625 775.374877929688 1937.8544921875 742.811279296875
1720.12707519531 758.867431640625 1763.91577148438 724.492553710938
1972.32653808594 811.2373046875 2016.02453613281 779.879089355469
1774.66125488281 751.889282226562 1817.24951171875 718.220458984375
1994.5107421875 813.743469238281 2038.33178710938 782.555969238281
1877.83874511719 780.176208496094 1920.77490234375 747.752868652344
1969.15051269531 768.237365722656 2010.32763671875 736.830322265625
1735.7060546875 773.265869140625 1779.5908203125 739.259094238281
1919.00170898438 797.359924316406 1962.71423339844 765.813659667969
1941.08557128906 799.4384765625 1984.32946777344 767.372131347656
1999.78308105469 695.196533203125 2028.55078125 665.246643066406
2007.93249511719 807.374694824219 2050.958984375 776.193054199219
1863.51879882812 765.801147460938 1905.68408203125 733.267639160156
1735.23071289062 704.619750976562 1773.79833984375 670.544494628906
1749.97241210938 712.872009277344 1789.07299804688 678.849853515625
1859.40881347656 745.514831542969 1902.29565429688 713.001953125
1882.25231933594 769.757080078125 1924.68530273438 737.396911621094
1948.02648925781 813.403442382812 1992.6357421875 782.018432617188
1652.60339355469 654.297546386719 1682.34350585938 619.157287597656
1851.99731445312 618.108337402344 1871.81896972656 585.704895019531
1720.17102050781 720.300842285156 1763.25024414062 684.231872558594
1773.8740234375 721.622863769531 1813.89099121094 687.502014160156
787.04638671875 471.710693359375 768.841918945312 415.891479492188
730.70068359375 453.881317138672 705.689636230469 396.013580322266
873.095336914062 474.799285888672 858.169555664062 421.097747802734
584.201843261719 450.226165771484 553.388854980469 389.123779296875
325.955902099609 584.534423828125 306.287811279297 523.805725097656
558.473571777344 479.901977539062 530.663146972656 419.599700927734
437.881622314453 550.123840332031 417.699279785156 489.835723876953
399.070343017578 547.562438964844 375.914245605469 486.773742675781
393.870391845703 489.184539794922 355.772277832031 424.229431152344
606.262084960938 480.266632080078 580.965393066406 420.894592285156
592.047729492188 459.827087402344 563.137573242188 399.608856201172
670.882873535156 451.148742675781 643.573181152344 391.794158935547
561.950317382812 532.380981445312 545.557556152344 474.160308837891
523.267578125 491.339385986328 494.522308349609 430.475830078125
699.848693847656 433.269592285156 669.329162597656 374.045806884766
957.198547363281 411.093322753906 935.922241210938 357.709533691406
1248.07922363281 422.843566894531 1235.07690429688 376.457427978516
1172.82629394531 434.212921142578 1159.95031738281 386.193298339844
995.237182617188 408.826477050781 975.267456054688 356.18603515625
986.699584960938 465.448303222656 975.5732421875 414.079620361328
1208.98266601562 423.648468017578 1194.94604492188 376.210876464844
1436.19128417969 447.708953857422 1428.93322753906 406.052337646484
1327.9892578125 439.970428466797 1317.62536621094 395.336944580078
962.548583984375 470.088623046875 951.308288574219 418.190948486328
967.634399414062 480.798156738281 956.113159179688 429.861297607422
1232.8017578125 505.133514404297 1232.22497558594 460.454193115234
1086.01818847656 407.142944335938 1066.97216796875 356.293395996094
1077.48022460938 492.405487060547 1071.75 444.447113037109
1513.37353515625 1129.08923339844 1638.39331054688 1089.67407226562
1544.62060546875 1147.53576660156 1673.68017578125 1107.49462890625
1548.86291503906 1234.66955566406 1691.16235351562 1193.62561035156
1606.90222167969 1172.65209960938 1741.30126953125 1133.83764648438
1533.75537109375 1150.20629882812 1664.04809570312 1111.74377441406
1566.39318847656 1183.74450683594 1702.11853027344 1145.32897949219
1595.83520507812 1167.87072753906 1729.92407226562 1128.34326171875
1564.0224609375 1227.64733886719 1707.69799804688 1188.38854980469
1524.65869140625 1136.90808105469 1652.39306640625 1098.36755371094
1566.11901855469 1152.38366699219 1694.13452148438 1113.3583984375
1617.68383789062 1156.59497070312 1747.38342285156 1116.53125
1560.05395507812 1140.02404785156 1688.587890625 1101.30322265625
1535.01281738281 1128.423828125 1660.2138671875 1089.61633300781
1563.81494140625 1164.80541992188 1696.93591308594 1125.93359375
283.476470947266 1088.22790527344 368.387481689453 1042.24694824219
1081.85632324219 989.068664550781 1175.8427734375 947.833618164062
126.920509338379 1046.22485351562 190.356567382812 997.915161132812
956.855102539062 261.696624755859 1058.17468261719 203.292678833008
487.708343505859 1217.62854003906 607.581115722656 1174.65466308594
594.688903808594 1098.00756835938 690.833312988281 1054.81005859375
323.129760742188 1090.93371582031 408.628540039062 1044.54455566406
1013.28259277344 987.704040527344 1108.21252441406 946.099426269531
568.495056152344 1103.85461425781 665.686950683594 1059.99597167969
170.256652832031 1030.13586425781 232.24006652832 982.160888671875
854.937377929688 984.436462402344 952.017517089844 940.743103027344
682.078918457031 275.390563964844 783.791015625 209.326156616211
527.783081054688 1080.54907226562 615.751708984375 1036.26342773438
995.483276367188 459.051086425781 984.399719238281 407.728363037109
1048.85241699219 535.036315917969 1053.82922363281 487.012054443359
927.974365234375 702.159057617188 955.533447265625 655.524353027344
854.71630859375 485.189910888672 839.857971191406 431.372161865234
919.773010253906 714.822631835938 948.905639648438 668.705261230469
873.27587890625 733.10498046875 904.058959960938 686.257446289062
1042.17504882812 667.367980957031 1066.54895019531 622.114013671875
735.3310546875 685.592102050781 751.789794921875 635.544128417969
1077.48022460938 492.405487060547 1071.75 444.447113037109
960.02490234375 602.153015136719 968.124633789062 553.168395996094
833.365600585938 705.372009277344 857.97216796875 657.110046386719
1005.50073242188 677.248840332031 1029.69934082031 631.463562011719
791.537231445312 672.267333984375 809.198303222656 622.650390625
871.947937011719 1008.58233642578 972.293518066406 965.689758300781
1067.59875488281 984.740905761719 1161.57470703125 943.370361328125
880.08984375 1014.98370361328 979.8515625 972.578979492188
1063.44482421875 1261.85925292969 1206.44421386719 1220.30383300781
938.15869140625 999.561279296875 1034.8349609375 957.093994140625
2211.79736328125 394.270385742188 2185.28198242188 369.353363037109
2258.19897460938 389.587707519531 2229.1474609375 366.156036376953
2275.56616210938 505.862396240234 2263.68505859375 482.136962890625
2075.56372070312 386.697723388672 2052.46655273438 359.477691650391
2181.62573242188 387.918121337891 2155.3876953125 363.093780517578
2079.71533203125 366.359130859375 2053.02465820312 339.323272705078
2187.41845703125 223.312789916992 2170.8056640625 200.340209960938
2175.85034179688 238.413528442383 2158.53662109375 214.664764404297
2226.27563476562 463.528839111328 2211.77661132812 439.351135253906
2197.79809570312 433.884918212891 2180.38500976562 408.336791992188
2225.650390625 418.217224121094 2205.76391601562 394.420623779297
2253.158203125 379.943023681641 2223.62817382812 356.673767089844
2147.5 379.8779296875 2121.55151367188 353.746551513672
2354.37744140625 454.768646240234 2333.36865234375 434.472686767578
2240.93530273438 569.117553710938 2243.68408203125 544.522277832031
2181.41430664062 483.076202392578 2170.4892578125 457.782135009766
2268.62524414062 365.253509521484 2236.33764648438 341.457702636719
2135.9130859375 422.274566650391 2118.0400390625 396.290191650391
2261.939453125 562.283264160156 2263.32568359375 538.327880859375
2318.02001953125 403.322631835938 2287.38354492188 381.994537353516
2239.67211914062 384.433441162109 2211.3017578125 361.209228515625
2340.09765625 430.167327880859 2315.45336914062 408.624359130859
2253.36767578125 580.528503417969 2258.64111328125 555.888427734375
2270.83447265625 580.287170410156 2275.75805664062 556.255920410156
2054.49072265625 428.066375732422 2037.33508300781 400.613830566406
2270.73901367188 591.409912109375 2275.89013671875 567.1943359375
2238.57739257812 588.269653320312 2245.74682617188 563.255432128906
1800.10107421875 534.070251464844 1812.06616210938 500.735595703125
1576.20458984375 635.938781738281 1602.84228515625 598.411071777344
2335.234375 607.914367675781 2340.59521484375 584.585144042969
1665.23999023438 511.881744384766 1668.798828125 476.974731445312
1637.88696289062 528.655578613281 1645.89074707031 492.638580322266
1744.94311523438 559.474792480469 1757.9677734375 525.121887207031
2293.10766601562 607.75439453125 2299.9638671875 583.773315429688
2369.8515625 617.908386230469 2374.95336914062 595.126342773438
2291.47241210938 596.625305175781 2296.7626953125 572.868835449219
1757.32348632812 554.480102539062 1771.46618652344 520.275268554688
1915.38684082031 571.609619140625 1930.52978515625 540.623962402344
1503.58581542969 556.560363769531 1518.51049804688 518.026977539062
2274.08569335938 569.295837402344 2274.99365234375 545.302551269531
2270.63696289062 605.407165527344 2277.787109375 581.184509277344
2004.48718261719 465.562164306641 1996.14538574219 436.261840820312
1716.01965332031 669.009948730469 1747.09289550781 634.3984375
1773.8740234375 721.622863769531 1813.89099121094 687.502014160156
1500.47033691406 649.297546386719 1531.86926269531 611.390441894531
1332.3740234375 610.278503417969 1354.10888671875 568.565856933594
1574.6708984375 686.142150878906 1609.96948242188 649.194091796875
1412.98779296875 566.970153808594 1428.18591308594 526.174682617188
1326.78125 586.208557128906 1344.05615234375 544.559204101562
1720.17102050781 720.300842285156 1763.25024414062 684.231872558594
1512.80859375 644.030822753906 1541.19519042969 605.841125488281
1505.50439453125 509.497863769531 1508.24963378906 470.425018310547
1297.61047363281 618.740051269531 1322.69995117188 577.0966796875
1739.38623046875 745.751525878906 1781.83911132812 711.730041503906
1767.375 435.683502197266 1758.34436035156 400.558898925781
1738.33459472656 427.973815917969 1729.23010253906 392.536987304688
1725.84729003906 525.174438476562 1733.95886230469 488.977691650391
1745.19787597656 528.498840332031 1754.16064453125 495.169891357422
1893.88122558594 537.282958984375 1896.23950195312 505.550933837891
1730.48474121094 692.842834472656 1766.40551757812 659.258239746094
1758.72778320312 751.156311035156 1801.20690917969 717.332641601562
450.107055664062 574.381774902344 435.632110595703 515.604309082031
274.368804931641 593.974853515625 252.357955932617 532.431457519531
725.936218261719 472.223937988281 703.497192382812 415.030120849609
466.796569824219 445.674682617188 428.076354980469 381.631286621094
699.848693847656 433.269592285156 669.329162597656 374.045806884766
395.493286132812 471.448455810547 358.571685791016 407.654052734375
2076.90966796875 1367.197265625 2227.67163085938 1326.00390625
2011.16857910156 1329.57409667969 2161.17065429688 1288.81689453125
2143.171875 1384.40380859375 2290.71215820312 1341.98645019531
2048.63623046875 1354.29968261719 2198.95727539062 1312.74670410156
2205.59741210938 1402.08715820312 2352.00756835938 1358.92150878906
2163.03125 1402.84741210938 2312.33349609375 1359.07958984375
2090.24926757812 1366.82214355469 2238.92797851562 1325.10144042969
2019.63903808594 1343.96496582031 2170.77905273438 1301.87316894531
2065.3359375 1352.34362792969 2213.84985351562 1311.0517578125
2119.98388671875 1387.59436035156 2269.1044921875 1344.97473144531
2051.71801757812 1342.62353515625 2199.84594726562 1300.94665527344
2045.25732421875 1333.94445800781 2193.2392578125 1293.16162109375
2131.0302734375 1394.18676757812 2280.6787109375 1350.29235839844
2210.11254882812 1366.28308105469 2345.0966796875 1323.283203125
2152.10278320312 1415.94018554688 2302.57348632812 1372.66345214844
2206.16162109375 1414.6455078125 2354.455078125 1370.15649414062
2179.85668945312 1433.14733886719 2329.99682617188 1388.28991699219
2198.76171875 1434.82641601562 2348.2041015625 1389.60595703125
2163.58862304688 1384.05163574219 2308.59301757812 1340.84753417969
2054.650390625 1363.5419921875 2205.02514648438 1321.25451660156
2033.95324707031 1355.92260742188 2184.15209960938 1313.93188476562
2062.97192382812 1376.72570800781 2214.05639648438 1333.65161132812
597.016418457031 535.401794433594 583.428405761719 477.832427978516
759.247680664062 469.356018066406 739.762756347656 412.949401855469
315.839935302734 792.606384277344 329.949615478516 739.05078125
570.489013671875 510.494354248047 547.473022460938 451.412414550781
516.748596191406 476.389282226562 485.418273925781 414.800018310547
400.089050292969 528.411376953125 372.858306884766 466.897644042969
547.959777832031 539.913146972656 531.250610351562 482.290313720703
364.541046142578 764.961059570312 374.646331787109 711.241455078125
337.818664550781 763.757385253906 347.778686523438 709.754638671875
281.281127929688 786.13525390625 292.720153808594 732.150146484375
1193.69494628906 469.272644042969 1186.02404785156 423.626007080078
823.5 484.063385009766 804.428466796875 429.607116699219
1259.4873046875 547.787048339844 1269.92456054688 504.632995605469
897.993591308594 473.557189941406 885.415222167969 419.725952148438
1032.8779296875 463.587310791016 1023.03338623047 413.182220458984
1307.04956054688 955.566589355469 1398.92932128906 916.53857421875
1590.95227050781 986.973083496094 1679.76940917969 950.199890136719
1443.96520996094 912.166809082031 1508.21618652344 874.477600097656
1405.84985351562 990.103271484375 1502.99975585938 951.829956054688
1369.81652832031 992.176513671875 1468.0283203125 953.693420410156
