287
1787.85668945312 1252.94909667969 1935.02160644531 1214.08227539062
2015.7333984375 1313.22448730469 2163.70556640625 1273.28308105469
1696.28344726562 1214.10241699219 1838.1904296875 1174.98706054688
1874.37976074219 1248.3037109375 2016.45361328125 1209.41564941406
1727.67150878906 1262.39904785156 1875.22058105469 1222.98645019531
1935.78234863281 1243.34790039062 2074.1103515625 1204.5029296875
1615.12158203125 1264.09619140625 1761.37268066406 1223.92358398438
1682.96264648438 1263.80139160156 1829.34313964844 1224.22546386719
1863.75512695312 1237.54260253906 2005.52429199219 1198.22229003906
1726.23828125 1237.8486328125 1867.08032226562 1198.125
1672.11730957031 1251.50122070312 1817.66564941406 1211.96411132812
1775.740234375 1231.81066894531 1919.05822753906 1192.70751953125
1711.85681152344 1206.18774414062 1850.81030273438 1167.13757324219
1859.51721191406 1275.96350097656 2002.24304199219 1236.65710449219
1767.80712890625 1223.63842773438 1911.09191894531 1185.41296386719
2030.39636230469 1321.25280761719 2177.822265625 1280.42041015625
2047.31945800781 1346.02038574219 2196.013671875 1304.43493652344
1591.03698730469 1149.734375 1729.14025878906 1111.97766113281
1844.74035644531 1264.30993652344 1988.29309082031 1225.04772949219
1575.98889160156 1166.37268066406 1708.52233886719 1128.11462402344
2038.90222167969 1371.27648925781 2189.02758789062 1331.01904296875
1899.69372558594 1236.16662597656 2041.76062011719 1197.1455078125
2029.49108886719 1306.54748535156 2176.08129882812 1266.33154296875
1926.12231445312 1251.00268554688 2065.53466796875 1211.7822265625
1823.71960449219 1253.60083007812 1969.7724609375 1214.91442871094
1913.32006835938 1251.658203125 2054.16577148438 1212.80517578125
2044.68432617188 1304.32568359375 2187.03588867188 1264.2529296875
1622.24426269531 1274.32861328125 1768.30615234375 1234.40759277344
1633.28271484375 1269.1474609375 1779.84924316406 1230.78698730469
1748.18725585938 734.664306640625 1789.05981445312 700.693542480469
1949.07946777344 782.183837890625 1990.57604980469 750.499755859375
1900.63037109375 762.0576171875 1940.29772949219 730.224731445312
1871.83935546875 755.272033691406 1911.69677734375 722.666442871094
1730.77075195312 731.304321289062 1771.2216796875 696.982299804688
1976.419921875 800.621826171875 2021.3388671875 769.935180664062
1974.06884765625 813.635864257812 2017.41577148438 782.167602539062
1723.74682617188 776.704345703125 1767.15209960938 742.340698242188
1734.18981933594 751.296203613281 1776.361328125 717.273864746094
1900.43188476562 788.392333984375 1942.98486328125 756.225036621094
1880.08056640625 782.811950683594 1922.900390625 750.356384277344
1904.50256347656 803.344604492188 1947.537109375 771.317687988281
1920.74291992188 800.031616210938 1963.58825683594 767.976989746094
1717.42517089844 763.524291992188 1761.1328125 729.032653808594
1735.08203125 779.136169433594 1778.61853027344 745.002258300781
1757.0419921875 718.623229980469 1796.74975585938 685.319091796875
1653.08020019531 654.155700683594 1681.04125976562 618.619812011719
1994.85559082031 816.729187011719 2038.75048828125 785.317016601562
1968.08325195312 822.741271972656 2011.98291015625 791.228820800781
1936.50329589844 822.310485839844 1980.71325683594 790.151733398438
1989.61303710938 716.413330078125 2021.09313964844 686.017272949219
1715.57983398438 716.781982421875 1755.75646972656 682.798217773438
1999.96789550781 695.668029785156 2028.36010742188 665.618103027344
1949.75500488281 739.795593261719 1986.6865234375 708.521423339844
1729.36633300781 689.910461425781 1763.86413574219 655.995666503906
1948.32543945312 817.083679199219 1992.00122070312 785.254821777344
2010.20825195312 789.153015136719 2051.29516601562 758.229553222656
406.716125488281 952.788024902344 454.916870117188 905.09130859375
675.88037109375 767.501037597656 702.172424316406 718.539001464844
570.227172851562 923.802185058594 621.198608398438 877.338012695312
495.930969238281 931.887756347656 544.160217285156 884.502502441406
619.026977539062 880.703125 665.128845214844 833.776611328125
550.590759277344 928.9345703125 602.111389160156 882.221374511719
501.078216552734 922.809448242188 548.575317382812 875.101196289062
741.225891113281 732.111938476562 765.641662597656 682.887512207031
897.696350097656 725.63330078125 927.662536621094 678.962097167969
501.174102783203 842.091491699219 531.829162597656 793.069946289062
586.287231445312 912.481079101562 636.561340332031 865.932739257812
485.898590087891 925.988342285156 534.120544433594 877.84423828125
450.292999267578 925.95263671875 494.639190673828 877.802612304688
575.253662109375 888.704223632812 620.355590820312 840.977661132812
411.841583251953 838.626098632812 436.88134765625 787.875
440.704010009766 876.358459472656 475.015167236328 826.893127441406
509.428527832031 858.844055175781 543.9248046875 809.687622070312
933.593444824219 678.94140625 956.883605957031 632.137451171875
655.562072753906 773.518310546875 680.442626953125 724.606811523438
438.408325195312 945.820373535156 487.046966552734 898.463500976562
775.333251953125 727.599060058594 799.923034667969 678.3408203125
697.25439453125 770.583557128906 725.406311035156 721.756652832031
469.306793212891 953.062377929688 518.123596191406 904.131469726562
919.880004882812 715.177307128906 948.764770507812 669.051391601562
533.91748046875 940.692260742188 583.699890136719 893.383056640625
639.990173339844 778.621337890625 665.724609375 728.572509765625
483.714447021484 855.8798828125 514.872436523438 805.81640625
839.120727539062 717.856567382812 865.154235839844 669.996643066406
873.075317382812 734.156066894531 903.558532714844 687.073486328125
826.851623535156 727.581970214844 850.979675292969 679.075622558594
543.50830078125 936.755065917969 595.453308105469 890.011169433594
440.902496337891 919.636047363281 483.212677001953 871.20068359375
454.715850830078 878.810852050781 490.251068115234 829.349853515625
808.060729980469 742.709716796875 838.345031738281 694.982727050781
798.96337890625 709.403747558594 822.172058105469 661.117614746094
364.584808349609 937.695434570312 406.465454101562 889.484802246094
471.001403808594 853.625427246094 501.919860839844 804.385009765625
2171.71069335938 456.727233886719 2156.59497070312 430.916625976562
2321.67993164062 482.21240234375 2304.75268554688 459.405548095703
2227.24951171875 464.463958740234 2211.63647460938 440.387145996094
2360.95654296875 430.345947265625 2334.31860351562 408.536834716797
2351.88037109375 455.048217773438 2330.58764648438 434.648315429688
2170.3994140625 501.388854980469 2160.71313476562 475.446472167969
2226.98046875 417.654144287109 2206.13403320312 393.665435791016
2238.08178710938 423.28271484375 2218.82055664062 400.1171875
1997.59741210938 433.144897460938 1983.626953125 403.724731445312
2283.91235351562 433.602416992188 2264.38671875 410.689239501953
2280.189453125 523.596435546875 2270.60522460938 500.311248779297
1557.38525390625 1147.07043457031 1687.51403808594 1109.02502441406
1552.03942871094 1190.86511230469 1688.71923828125 1153.84497070312
1718.24011230469 1256.97802734375 1865.7060546875 1217.92016601562
1577.22314453125 1274.60363769531 1724.00207519531 1234.12390136719
1525.64782714844 1137.556640625 1653.828125 1099.26904296875
1553.1318359375 1125.34497070312 1678.24780273438 1086.79235839844
1650.48364257812 1170.24096679688 1783.52514648438 1133.24768066406
1667.5439453125 1234.88549804688 1810.16064453125 1195.22058105469
1734.04650878906 1252.92065429688 1882.0126953125 1214.14013671875
1592.96032714844 1181.63537597656 1729.05078125 1142.78637695312
1691.57006835938 1223.7119140625 1833.38415527344 1185.46362304688
1648.36547851562 1249.42199707031 1794.18286132812 1210.52844238281
1633.28271484375 1269.1474609375 1779.84924316406 1230.78698730469
1561.96704101562 1160.37023925781 1695.23059082031 1121.36047363281
1566.08715820312 1198.15551757812 1704.5146484375 1159.50598144531
1562.81396484375 1252.04760742188 1707.59606933594 1212.55773925781
789.84912109375 470.419036865234 770.990173339844 414.793975830078
760.3544921875 468.914184570312 740.7373046875 412.646148681641
570.105834960938 472.900543212891 542.263977050781 412.761627197266
572.468505859375 510.811737060547 549.374572753906 451.632415771484
590.819702148438 504.454620361328 567.965454101562 445.912322998047
364.502044677734 485.554260253906 326.957977294922 421.528289794922
323.311706542969 508.458068847656 291.189453125 444.967132568359
541.578796386719 506.436614990234 515.567626953125 446.666931152344
647.699340820312 475.036926269531 623.888671875 416.690338134766
1877.67102050781 444.967712402344 1869.123046875 412.580261230469
1328.65673828125 439.158996582031 1317.68908691406 394.407836914062
1367.3525390625 418.33447265625 1356.74987792969 374.834075927734
1504.1689453125 413.249389648438 1493.34375 372.547943115234
1501.74279785156 493.442840576172 1501.03051757812 453.468292236328
1097.45544433594 477.052673339844 1089.0205078125 428.666381835938
1063.20471191406 489.669036865234 1056.74768066406 440.643615722656
1272.28686523438 487.056915283203 1268.81799316406 442.479431152344
880.697631835938 998.396240234375 975.762939453125 955.818542480469
930.315734863281 1041.34497070312 1026.90808105469 999.99462890625
595.753540039062 1084.75769042969 690.126647949219 1041.1943359375
306.595489501953 1064.92602539062 390.705993652344 1019.09210205078
290.717102050781 1075.69689941406 374.509674072266 1029.54541015625
884.406005859375 1020.33856201172 982.549865722656 978.198547363281
656.282958984375 1073.93054199219 749.88671875 1030.3466796875
848.067749023438 1011.05731201172 943.654296875 967.877319335938
1013.83374023438 977.834289550781 1107.78112792969 936.072326660156
493.218383789062 1080.40161132812 582.248901367188 1036.142578125
128.918090820312 1071.72668457031 206.38623046875 1024.32116699219
149.564254760742 1052.21923828125 220.65690612793 1004.92010498047
329.692077636719 1079.36877441406 413.178985595703 1032.92395019531
364.760620117188 1081.15405273438 449.5830078125 1035.69567871094
986.241394042969 978.255187988281 1079.82043457031 936.09619140625
177.026840209961 1044.9892578125 245.631439208984 997.597595214844
210.32258605957 1100.13293457031 300.093719482422 1054.59008789062
346.076843261719 1153.916015625 447.838073730469 1109.93371582031
638.887451171875 978.21337890625 707.075073242188 932.932556152344
551.03564453125 1079.2060546875 642.710693359375 1034.8212890625
411.101898193359 1104.56530761719 503.985595703125 1060.55224609375
909.774047851562 997.107421875 1005.97729492188 954.318298339844
1048.02172851562 979.583374023438 1140.83581542969 938.086181640625
918.316528320312 990.688842773438 1013.994140625 948.073059082031
1116.8251953125 967.943908691406 1207.62145996094 926.470275878906
1079.85217285156 983.794494628906 1172.35571289062 942.449645996094
931.079223632812 990.436096191406 1026.53015136719 948.021423339844
953.786254882812 960.628845214844 1034.04138183594 918.463134765625
838.904052734375 1003.58679199219 930.694030761719 960.59326171875
919.503601074219 1006.08801269531 1018.3876953125 964.349426269531
2274.01245117188 505.686828613281 2262.89428710938 481.820892333984
1882.49890136719 252.300582885742 1896.625 219.87126159668
1746.05920410156 468.320709228516 1737.02758789062 434.999389648438
1662.80297851562 647.177795410156 1690.84521484375 611.8759765625
1581.38012695312 683.623718261719 1613.88879394531 646.801696777344
1327.17492675781 586.141052246094 1345.3994140625 544.609191894531
1724.72265625 557.436706542969 1739.77990722656 523.595581054688
1572.76635742188 583.922546386719 1590.77697753906 546.820434570312
1381.97448730469 563.416320800781 1397.64367675781 522.463684082031
1955.94604492188 542.064331054688 1962.76599121094 511.373352050781
1569.01013183594 534.204956054688 1580.60815429688 496.713439941406
1581.11499023438 634.334228515625 1605.54211425781 597.561950683594
1616.88525390625 534.247314453125 1626.84985351562 497.642181396484
1771.30676269531 567.582458496094 1784.84399414062 534.481262207031
737.410095214844 744.783508300781 763.430358886719 696.005981445312
450.089202880859 571.325927734375 434.985595703125 511.791351318359
451.296813964844 529.829772949219 426.674865722656 469.956665039062
950.567321777344 659.084899902344 971.84912109375 611.896301269531
371.029205322266 528.157104492188 344.956787109375 465.855102539062
284.382934570312 530.822204589844 253.76872253418 467.213928222656
362.686462402344 762.919494628906 372.938995361328 709.17041015625
739.149597167969 702.682739257812 757.683959960938 652.908813476562
472.492828369141 631.816101074219 467.341522216797 575.12255859375
546.912902832031 674.814208984375 555.558837890625 620.462036132812
402.754516601562 546.410827636719 380.076049804688 485.360260009766
607.010864257812 480.515686035156 581.682983398438 421.132659912109
824.133972167969 483.699645996094 807.360656738281 429.041168212891
872.7587890625 474.916229248047 857.750793457031 421.053253173828
954.64697265625 716.354614257812 983.981872558594 671.667053222656
1027.71154785156 673.4736328125 1052.10632324219 628.061828613281
933.439880371094 694.359191894531 960.8046875 647.924743652344
895.429931640625 470.402435302734 879.776916503906 416.527587890625
1023.07861328125 694.411560058594 1050.18334960938 649.024536132812
772.341979980469 479.703399658203 753.767578125 423.758728027344
938.000671386719 722.305358886719 969.627258300781 676.930419921875
958.008972167969 513.9580078125 951.308837890625 463.481170654297
964.237182617188 676.808776855469 988.798156738281 630.6171875
1014.39855957031 675.994750976562 1038.99145507812 630.190185546875
1004.38012695312 678.441223144531 1028.61853027344 632.738037109375
973.523559570312 720.387268066406 1003.30114746094 675.125915527344
1003.77618408203 543.101684570312 1008.64904785156 495.112457275391
1508.45947265625 950.880126953125 1593.39489746094 914.315734863281
1556.42932128906 969.916564941406 1644.79931640625 932.772644042969
1414.9814453125 1006.44348144531 1515.46142578125 967.796508789062
1494.70581054688 945.921203613281 1576.57250976562 909.065124511719
1444.06506347656 909.934448242188 1508.76928710938 872.239074707031
1289.01306152344 949.971374511719 1377.05407714844 910.450622558594
1383.77026367188 918.2294921875 1460.02124023438 880.741943359375
1282.83764648438 973.239501953125 1375.13598632812 934.514221191406
1394.43786621094 958.24267578125 1484.21105957031 920.771484375
1604.91381835938 983.359008789062 1693.41882324219 946.817016601562
1375.54248046875 984.902282714844 1476.76330566406 947.690490722656
500.774810791016 911.872863769531 545.944396972656 863.870361328125
477.346466064453 920.479675292969 523.927856445312 871.633972167969
512.390930175781 941.751953125 564.393249511719 894.715087890625
321.312744140625 964.648803710938 366.910827636719 916.304565429688
546.079833984375 917.163269042969 595.36083984375 869.863220214844
458.336181640625 919.087463378906 502.223602294922 870.820129394531
497.519866943359 942.625366210938 549.376281738281 895.139770507812
432.231628417969 931.550231933594 475.948913574219 883.624755859375
463.997924804688 909.775329589844 506.564727783203 860.247741699219
451.769500732422 959.959838867188 503.731994628906 912.23486328125
607.010864257812 480.515686035156 581.682983398438 421.132659912109
526.092407226562 489.153625488281 498.337158203125 429.925750732422
2083.00732421875 1349.94702148438 2231.28833007812 1308.5107421875
2195.8916015625 1412.27502441406 2343.7666015625 1368.14196777344
2217.595703125 1410.41564941406 2364.69165039062 1367.29504394531
2047.21789550781 1326.03820800781 2194.6962890625 1285.89294433594
2208.1787109375 1424.44116210938 2355.35083007812 1380.04943847656
2116.765625 1377.8935546875 2264.63696289062 1334.85632324219
2117.17211914062 1335.13293457031 2256.69287109375 1293.9150390625
2164.96264648438 1379.1669921875 2310.86279296875 1336.25830078125
2185.12084960938 1416.78503417969 2332.83569335938 1372.47033691406
2203.30078125 1440.96948242188 2349.56567382812 1396.29455566406
2147.08422851562 1388.86694335938 2296.244140625 1346.7998046875
2194.73974609375 1385.42236328125 2339.04760742188 1342.40209960938
2151.802734375 1404.17395019531 2298.56103515625 1362.3564453125
1786.57678222656 1227.13317871094 1929.87377929688 1187.90307617188
1862.82287597656 1258.47985839844 2006.55932617188 1219.57104492188
1807.47900390625 1262.0595703125 1954.39880371094 1222.75500488281
1821.78479003906 1241.39831542969 1982.22375488281 1203.69445800781
340.485504150391 771.155090332031 354.773529052734 718.306945800781
275.453186035156 483.835601806641 233.11506652832 418.418914794922
227.335601806641 513.267517089844 188.989730834961 448.191162109375
194.839920043945 512.32080078125 156.150177001953 446.618133544922
489.271240234375 548.9521484375 471.920379638672 490.043731689453
262.232147216797 781.718322753906 270.425903320312 727.403686523438
365.698822021484 782.523681640625 379.135925292969 728.386535644531
570.603637695312 527.223022460938 553.643981933594 468.692443847656
701.069519042969 759.1611328125 722.365051269531 711.190368652344
628.3662109375 765.04345703125 651.944274902344 715.375122070312
710.377136230469 742.499755859375 734.864440917969 693.34033203125
769.510864257812 705.911254882812 789.947631835938 656.386901855469
757.702819824219 719.962036132812 780.859985351562 671.060546875
808.837036132812 723.482849121094 834.033630371094 675.582763671875
942.518371582031 710.893188476562 973.872192382812 665.242370605469
697.278625488281 711.591857910156 714.718688964844 661.695739746094
2336.62890625 583.290893554688 2338.6953125 561.543701171875
2302.77099609375 575.885498046875 2303.08056640625 552.596740722656
2322.078125 572.777099609375 2320.42065429688 548.986328125
2310.86401367188 601.308410644531 2315.39379882812 577.772277832031
2303.4345703125 624.050537109375 2309.14208984375 600.596252441406
2303.5888671875 494.947937011719 2291.24926757812 472.859497070312
2323.96997070312 498.743774414062 2309.34155273438 476.317687988281
2330.30419921875 533.498779296875 2320.73364257812 511.503173828125
2336.97875976562 642.116088867188 2345.30200195312 618.170959472656
2317.67236328125 612.083740234375 2323.49853515625 588.332824707031
2321.60498046875 597.210388183594 2325.98120117188 574.194213867188
2269.87524414062 674.548461914062 2289.17236328125 651.11865234375
2328.91796875 605.243041992188 2333.62817382812 581.565307617188
2291.9345703125 608.179138183594 2298.54614257812 584.190246582031
2280.189453125 523.596435546875 2270.60522460938 500.311248779297
2264.65698242188 657.427429199219 2274.81030273438 632.704345703125
2335.15966796875 519.018005371094 2322.12548828125 496.868560791016
2346.9443359375 602.184509277344 2350.49291992188 579.728332519531
1639.19738769531 1291.02124023438 1786.16552734375 1250.19689941406
1528.16040039062 1123.83813476562 1655.35485839844 1085.04187011719
1634.17199707031 1147.6943359375 1754.97680664062 1109.24060058594
1706.96850585938 1024.77917480469 1801.36767578125 990.013977050781
1584.63500976562 1159.74279785156 1717.86767578125 1121.53088378906
