309
520.207824707031 919.094116210938 570.403015136719 871.60302734375
505.461639404297 910.2275390625 551.526672363281 860.712829589844
556.381408691406 893.569885253906 601.858703613281 845.260192871094
516.3740234375 898.228088378906 559.993347167969 849.33935546875
511.624206542969 928.014404296875 559.442565917969 880.917541503906
495.727752685547 904.837890625 539.803955078125 855.919860839844
493.240051269531 923.06201171875 540.871765136719 874.869140625
554.3564453125 926.233703613281 605.353637695312 878.853149414062
623.69921875 878.792602539062 669.952880859375 831.222778320312
561.192749023438 912.21728515625 610.904113769531 864.74365234375
532.270751953125 908.815368652344 579.222961425781 860.575744628906
593.096252441406 881.331665039062 637.501159667969 833.428283691406
544.674255371094 919.614929199219 593.577026367188 871.786010742188
456.330230712891 923.837341308594 500.806213378906 875.286193847656
569.042541503906 897.945007324219 615.402404785156 850.44091796875
440.008514404297 945.502685546875 488.588592529297 896.316223144531
515.451477050781 939.712036132812 567.880554199219 892.178833007812
500.00341796875 942.929138183594 551.369689941406 895.921081542969
439.48095703125 929.853820800781 482.688903808594 881.598571777344
531.141357421875 924.788269042969 581.173767089844 877.075622558594
431.607574462891 958.279479980469 482.070129394531 910.010620117188
429.067443847656 938.572082519531 475.339538574219 890.405151367188
528.674621582031 947.8076171875 581.05029296875 900.40234375
413.282653808594 932.168273925781 457.262298583984 883.244873046875
527.253051757812 976.9775390625 588.89453125 930.291442871094
413.386138916016 892.129211425781 448.894836425781 842.16064453125
417.685028076172 881.692138671875 451.747406005859 831.970947265625
387.642303466797 965.03125 436.097778320312 916.141906738281
444.912139892578 905.113037109375 491.083190917969 856.01220703125
529.235412597656 888.29248046875 572.595520019531 840.336242675781
497.421142578125 893.061401367188 539.862060546875 844.499084472656
1622.13293457031 1303.34240722656 1767.40209960938 1260.27453613281
1686.42956542969 1291.32263183594 1815.39685058594 1249.31848144531
1697.61547851562 1220.83349609375 1836.52612304688 1179.1953125
1671.595703125 1191.115234375 1808.88537597656 1149.67224121094
1631.93493652344 1184.6884765625 1766.98986816406 1143.74743652344
676.009338378906 762.8173828125 702.609252929688 713.397766113281
848.465270996094 738.930419921875 880.136474609375 691.386413574219
884.449584960938 725.309814453125 915.080810546875 678.387145996094
983.745910644531 711.217041015625 1013.63421630859 665.326171875
740.052856445312 728.261169433594 765.116516113281 678.772521972656
762.449279785156 724.64794921875 787.053527832031 675.381164550781
949.30126953125 656.363647460938 971.028015136719 608.701965332031
952.332702636719 716.983703613281 983.263671875 670.597839355469
934.524963378906 677.998840332031 957.946716308594 630.710327148438
779.777465820312 564.026794433594 780.004150390625 510.683532714844
734.578002929688 741.929138183594 761.177062988281 692.196166992188
919.713195800781 714.671630859375 948.851684570312 668.073547363281
979.793762207031 697.193542480469 1007.71997070312 651.090637207031
717.514465332031 731.336975097656 741.851379394531 682.005798339844
838.40234375 715.7568359375 864.982238769531 667.59423828125
963.790649414062 677.167236328125 987.491516113281 629.389526367188
934.918212890625 694.172485351562 962.085632324219 647.179565429688
624.148376464844 749.965881347656 645.246398925781 699.145751953125
662.32763671875 760.026000976562 688.400512695312 709.94287109375
789.598083496094 795.698791503906 826.05419921875 747.205200195312
695.688842773438 707.963317871094 713.216796875 657.385070800781
804.591125488281 709.105224609375 828.393920898438 659.855041503906
789.527038574219 721.395690917969 815.911010742188 672.256469726562
993.761413574219 581.395690917969 1005.12640380859 533.039672851562
733.934509277344 683.166748046875 750.678283691406 632.63037109375
749.700744628906 658.376281738281 763.405090332031 607.051818847656
790.590148925781 670.72412109375 808.058166503906 620.438171386719
548.526550292969 675.952331542969 556.319396972656 621.168518066406
851.004638671875 714.417297363281 878.864990234375 666.064270019531
941.818969726562 712.960266113281 972.128723144531 666.294616699219
742.276428222656 752.14990234375 771.514892578125 703.3525390625
819.864318847656 741.960754394531 850.112426757812 695.137573242188
697.82666015625 723.086853027344 718.845031738281 672.586120605469
722.571044921875 749.863952636719 749.867370605469 701.139526367188
1921.56762695312 785.444213867188 1964.47229003906 753.478149414062
1949.97009277344 787.917541503906 1991.96948242188 756.316162109375
1897.91394042969 761.236328125 1940.11059570312 728.998474121094
1984.53112792969 798.111450195312 2027.61059570312 767.200622558594
1951.20874023438 799.241088867188 1995.75024414062 767.896789550781
1763.04760742188 728.774169921875 1803.95849609375 694.596801757812
1937.17236328125 752.705444335938 1976.93090820312 721.243347167969
1726.53784179688 726.209167480469 1767.85791015625 691.848083496094
1846.90344238281 745.07958984375 1888.13037109375 712.360046386719
1936.548828125 789.231262207031 1979.06469726562 757.310119628906
1921.92126464844 753.845153808594 1961.830078125 722.068298339844
1962.63354492188 777.816284179688 2004.2177734375 746.315490722656
1888.20593261719 779.69775390625 1931.39831542969 747.489135742188
1897.78857421875 774.421081542969 1940.47143554688 742.359252929688
1994.67016601562 792.523620605469 2036.9765625 761.164672851562
1977.53308105469 782.974426269531 2019.46362304688 751.835998535156
1871.65625 762.10009765625 1913.73352050781 729.565368652344
1909.3154296875 766.137329101562 1951.76879882812 734.064575195312
1898.30163574219 785.04833984375 1941.75170898438 752.846069335938
1903.88854980469 800.013793945312 1947.53344726562 768.048828125
1986.916015625 716.290100097656 2018.76550292969 685.836730957031
1969.09558105469 767.52685546875 2010.18713378906 735.961059570312
1993.83349609375 811.080688476562 2037.703125 780.02099609375
1746.86022949219 750.067749023438 1790.61987304688 716.282104492188
1744.18737792969 761.8935546875 1788.50671386719 727.68994140625
1721.537109375 754.412475585938 1765.02722167969 720.024353027344
2004.64819335938 797.587280273438 2046.9052734375 766.829284667969
1834.62548828125 733.55419921875 1874.63037109375 700.704711914062
1999.20959472656 694.876220703125 2027.74475097656 664.838500976562
1735.06079101562 768.956298828125 1779.89306640625 734.412353515625
1914.99597167969 572.887268066406 1930.11645507812 542.347412109375
1895.28491210938 817.374755859375 1938.47619628906 784.952453613281
1988.95458984375 765.042419433594 2029.13659667969 734.380859375
1729.66931152344 678.059509277344 1762.00671386719 643.683654785156
2032.71472167969 837.809265136719 2075.41430664062 806.196594238281
1949.10119628906 810.261535644531 1992.61804199219 778.405151367188
1766.95593261719 579.046447753906 1788.08471679688 544.095825195312
1697.18627929688 684.027099609375 1730.04907226562 649.375732421875
1941.15344238281 742.924499511719 1979.31335449219 711.35205078125
1998.78381347656 780.803771972656 2039.7578125 749.865112304688
1875.51953125 740.374633789062 1915.27490234375 707.988952636719
2171.68774414062 457.627136230469 2157.0703125 432.020294189453
2144.18041992188 415.647308349609 2126.21752929688 389.859222412109
2181.10327148438 388.27880859375 2155.56860351562 363.371368408203
2158.0537109375 349.962829589844 2125.87890625 324.320434570312
2141.5537109375 347.329925537109 2109.83764648438 321.654724121094
2124.44799804688 412.716217041016 2105.45141601562 386.094146728516
2218.533203125 319.306732177734 2179.98583984375 296.036315917969
2270.57666015625 320.530792236328 2231.07104492188 298.30029296875
1886.2490234375 449.5361328125 1879.02685546875 417.467132568359
2226.25317382812 463.135528564453 2210.95849609375 439.065490722656
2006.13720703125 466.935211181641 1998.62390136719 437.781158447266
2134.3955078125 422.586730957031 2116.02416992188 396.565490722656
2181.71997070312 483.373657226562 2170.2275390625 458.66943359375
2054.05517578125 429.392974853516 2037.59130859375 401.309753417969
2168.19750976562 378.224914550781 2141.888671875 352.997406005859
2175.60498046875 368.487396240234 2149.33251953125 343.744201660156
2238.630859375 384.019653320312 2210.36547851562 360.549957275391
1947.857421875 340.387329101562 1918.34814453125 309.327575683594
2105.15698242188 418.456878662109 2088.86181640625 391.868713378906
2352.35961914062 539.010925292969 2341.43505859375 517.276550292969
2050.021484375 331.230072021484 2020.57067871094 303.837463378906
2074.62036132812 386.253112792969 2052.22290039062 359.218353271484
785.393493652344 472.376525878906 767.269775390625 416.327178955078
269.467041015625 535.771911621094 239.157623291016 471.712127685547
729.61767578125 454.709197998047 705.221008300781 396.384094238281
338.674835205078 479.455902099609 299.761932373047 414.405548095703
568.188354492188 474.817016601562 541.672119140625 414.592407226562
569.359619140625 511.22314453125 546.000305175781 451.592163085938
580.635803222656 504.224731445312 557.354858398438 444.969696044922
222.791900634766 510.198516845703 184.685958862305 443.679321289062
233.526779174805 465.740295410156 186.644775390625 397.950317382812
204.085037231445 512.556945800781 164.527618408203 446.530090332031
591.077880859375 461.147308349609 562.229919433594 400.064758300781
448.887817382812 574.109252929688 433.736968994141 514.618530273438
530.975769042969 432.856994628906 493.099914550781 369.3212890625
310.336975097656 510.3603515625 276.604827880859 445.742797851562
551.558166503906 527.884460449219 533.682067871094 468.02392578125
544.403259277344 426.693481445312 506.186218261719 363.515167236328
555.858581542969 481.034484863281 527.980346679688 419.970855712891
672.53515625 451.787719726562 642.443298339844 391.77783203125
446.097229003906 534.366455078125 421.458251953125 473.532836914062
396.195281982422 488.293212890625 360.175048828125 424.474609375
722.494201660156 404.920654296875 690.08349609375 344.893737792969
688.6318359375 408.690582275391 655.569274902344 348.102355957031
365.290344238281 484.368804931641 326.952880859375 418.99169921875
859.152648925781 1015.51678466797 957.899353027344 972.47119140625
878.162658691406 1074.96423339844 984.762145996094 1032.66650390625
860.902404785156 1082.43774414062 962.306030273438 1038.99145507812
290.948425292969 1095.93188476562 376.658355712891 1049.89831542969
783.004943847656 1088.12072753906 886.882141113281 1044.9345703125
675.216125488281 1093.99560546875 766.045654296875 1051.41809082031
891.68994140625 996.284301757812 988.479919433594 954.005187988281
726.5087890625 1080.33190917969 826.878967285156 1037.13549804688
639.437744140625 1084.94897460938 734.34326171875 1041.20556640625
318.101348876953 1123.07434082031 411.783905029297 1077.71276855469
268.789184570312 1089.66369628906 354.078918457031 1043.60485839844
231.967575073242 1095.59118652344 317.305328369141 1049.19995117188
843.116271972656 991.232360839844 941.766052246094 947.614929199219
543.935607910156 1117.22521972656 629.099365234375 1073.88916015625
619.268249511719 1116.57702636719 719.880432128906 1073.13854980469
611.335571289062 994.896057128906 681.211791992188 949.321166992188
426.100219726562 1219.75 542.146057128906 1176.77270507812
379.553436279297 1122.11584472656 477.716278076172 1078.03552246094
517.039184570312 1115.86401367188 615.96435546875 1071.78991699219
599.067138671875 1096.74865722656 694.795654296875 1052.36303710938
265.664398193359 1100.11889648438 351.298492431641 1054.09313964844
369.852996826172 1131.63562011719 468.013763427734 1086.708984375
697.884094238281 1138.30346679688 806.841613769531 1095.26013183594
1427.01025390625 347.499969482422 1404.74499511719 303.383728027344
1326.24353027344 403.656921386719 1313.09838867188 358.740203857422
982.580993652344 465.001739501953 971.30908203125 413.220123291016
1171.92456054688 434.800170898438 1159.29235839844 386.450134277344
1397.75549316406 355.758697509766 1375.67919921875 311.213500976562
1096.13549804688 479.000274658203 1087.41052246094 430.2021484375
1097.61889648438 468.71533203125 1087.27685546875 419.759094238281
1220.11828613281 470.747833251953 1214.31750488281 424.995849609375
1436.84643554688 417.564849853516 1427.08801269531 374.703582763672
1332.70581054688 360.041687011719 1309.99462890625 313.150512695312
1325.64880371094 440.925201416016 1317.5478515625 395.743225097656
1151.20788574219 454.497680664062 1140.15515136719 406.409210205078
1598.76245117188 456.895477294922 1591.67590332031 418.828643798828
1272.78381347656 345.218109130859 1255.44787597656 297.127288818359
1364.18334960938 401.475830078125 1351.62963867188 356.479064941406
1206.69299316406 423.976928710938 1193.826171875 376.624053955078
1189.51208496094 470.863922119141 1183.15075683594 423.874725341797
1248.7041015625 423.254791259766 1236.29431152344 376.503173828125
1563.7724609375 990.994323730469 1653.62585449219 953.916931152344
1528.43249511719 984.782470703125 1616.75085449219 947.379516601562
1481.79724121094 966.344299316406 1566.33874511719 928.997131347656
1499.10620117188 978.190490722656 1586.69592285156 940.561401367188
1537.53491210938 980.327758789062 1626.18542480469 943.050476074219
1268.68359375 955.199340820312 1354.6083984375 915.145568847656
1515.40856933594 1093.16284179688 1631.37963867188 1054.50939941406
1304.11840820312 994.860107421875 1407.01965332031 955.987121582031
1311.50500488281 963.329284667969 1404.24145507812 923.767517089844
1494.80773925781 957.681884765625 1576.59765625 918.740905761719
1527.95190429688 1006.03582763672 1621.14770507812 966.787475585938
1388.77087402344 1055.77038574219 1498.107421875 1016.14678955078
1402.84228515625 999.016845703125 1500.03015136719 960.826721191406
1149.99389648438 1013.51489257812 1250.57727050781 972.315368652344
2271.14501953125 535.276916503906 2262.572265625 510.842468261719
2248.11791992188 507.218292236328 2238.6982421875 483.401672363281
2254.65478515625 612.338623046875 2264.2109375 587.902404785156
2255.66088867188 581.914672851562 2259.03979492188 557.920288085938
2311.66748046875 625.228393554688 2320.51513671875 601.249450683594
2312.2646484375 582.49609375 2315.45190429688 559.614379882812
2295.27490234375 606.913940429688 2301.90185546875 583.359375
2318.97998046875 596.889526367188 2325.0888671875 573.3916015625
2269.29711914062 582.257080078125 2274.26586914062 558.73095703125
2074.62036132812 386.253112792969 2052.22290039062 359.218353271484
2270.60229492188 594.546875 2277.09765625 570.27783203125
2270.48754882812 605.326232910156 2277.99145507812 581.264953613281
2308.74853515625 611.944213867188 2314.09765625 588.412170410156
2348.57543945312 568.2587890625 2346.60961914062 546.152099609375
2330.01953125 647.3740234375 2331.23999023438 623.057922363281
2260.35107421875 591.132751464844 2266.98681640625 567.041198730469
1729.60717773438 542.445007324219 1740.85559082031 508.015625
1935.51928710938 380.098297119141 1914.88134765625 349.888824462891
1758.58410644531 556.176086425781 1771.78051757812 522.064392089844
1503.38366699219 559.627197265625 1518.28198242188 520.730163574219
1790.99267578125 234.313171386719 1785.85266113281 198.689971923828
1744.26611328125 531.854309082031 1752.12561035156 497.353698730469
1711.36779785156 571.538879394531 1724.70166015625 536.001770019531
1750.51672363281 540.281555175781 1770.5888671875 505.925811767578
1699.46862792969 523.936950683594 1710.32702636719 488.704711914062
1918.16540527344 519.82470703125 1918.95202636719 490.044372558594
1893.79467773438 539.598449707031 1896.73449707031 507.923858642578
1849.45288085938 448.891723632812 1841.68737792969 416.100036621094
1941.18640136719 467.722015380859 1936.67614746094 437.725677490234
1727.49072265625 694.863403320312 1761.99890136719 660.484741210938
1704.55017089844 533.390319824219 1718.52172851562 498.446411132812
1679.8779296875 532.187622070312 1691.52319335938 496.602752685547
1707.22729492188 606.915466308594 1728.96765136719 572.631530761719
1921.28051757812 545.2431640625 1930.90734863281 513.976501464844
365.396759033203 532.154968261719 339.335296630859 469.255493164062
404.720184326172 527.859130859375 380.362213134766 465.032379150391
873.142211914062 474.960845947266 859.087951660156 420.877532958984
588.075805664062 513.709411621094 566.229064941406 454.420318603516
854.099670410156 485.296508789062 839.102294921875 430.903259277344
341.427520751953 529.66748046875 311.855712890625 466.353851318359
453.601623535156 524.619934082031 429.17822265625 463.342224121094
284.057525634766 293.672546386719 232.182464599609 218.117126464844
1044.39184570312 467.867706298828 1035.84631347656 417.923583984375
779.433837890625 419.842407226562 749.915832519531 361.582305908203
1603.66467285156 1162.57836914062 1730.28234863281 1123.32653808594
1500.97766113281 1135.94702148438 1626.38537597656 1096.16955566406
1567.98278808594 1169.4921875 1702.76037597656 1129.39245605469
1583.74816894531 1177.45300292969 1718.29321289062 1136.85607910156
1590.32238769531 1165.4189453125 1719.67529296875 1126.14672851562
1497.87194824219 1150.09509277344 1625.96630859375 1109.19128417969
1495.73681640625 1172.02368164062 1625.31799316406 1132.40893554688
1487.11145019531 1136.72814941406 1614.96850585938 1097.55993652344
832.125793457031 1021.91918945312 928.985229492188 979.222900390625
1067.82202148438 990.118347167969 1161.66870117188 948.614318847656
838.144775390625 1114.76171875 948.727111816406 1072.61279296875
866.025512695312 1004.00604248047 962.783630371094 960.238098144531
1098.43969726562 992.278259277344 1192.01708984375 950.551635742188
979.200866699219 997.171142578125 1074.74645996094 954.751647949219
810.227661132812 1078.51940917969 915.933837890625 1035.16149902344
1025.81372070312 1003.34228515625 1121.25549316406 961.47265625
2169.064453125 1472.34191894531 2327.51635742188 1420.43505859375
297.776763916016 1239.86572265625 413.025665283203 1197.09436035156
174.796035766602 1102.83679199219 262.526519775391 1057.03283691406
192.009567260742 1119.49645996094 283.339447021484 1073.40856933594
279.203491210938 1102.34741210938 365.361175537109 1055.97619628906
108.395538330078 1084.98620605469 182.214492797852 1038.47338867188
282.941162109375 1253.19555664062 400.333404541016 1210.27282714844
123.2587890625 1054.19384765625 186.037445068359 1006.05474853516
92.7045135498047 1139.60339355469 181.505966186523 1093.06091308594
380.509002685547 1265.37133789062 502.07763671875 1222.98522949219
163.100875854492 1088.40771484375 247.399780273438 1041.1337890625
121.922119140625 1090.79907226562 204.781341552734 1044.09545898438
197.501495361328 1011.99505615234 250.61376953125 963.046203613281
343.548736572266 1120.71215820312 436.008758544922 1075.27294921875
1339.94189453125 381.930053710938 1319.73889160156 336.525970458984
1080.19104003906 394.059844970703 1055.87084960938 342.207092285156
1246.25744628906 356.960479736328 1223.11376953125 308.045135498047
1356.98474121094 416.197387695312 1345.55627441406 371.686706542969
275.404357910156 564.993591308594 249.432144165039 502.159423828125
345.556549072266 776.683959960938 356.986572265625 723.253173828125
257.735198974609 791.820678710938 268.896118164062 736.770446777344
194.572631835938 701.541625976562 186.368209838867 642.165954589844
338.555603027344 765.736267089844 348.104400634766 711.076416015625
313.428680419922 767.844909667969 323.361511230469 713.40478515625
285.767242431641 508.341583251953 249.207702636719 443.651214599609
223.634338378906 795.924011230469 233.123687744141 740.278137207031
396.282470703125 569.052001953125 377.935852050781 507.7880859375
1718.55725097656 426.033874511719 1710.03503417969 390.225830078125
1498.52612304688 650.854431152344 1530.08154296875 612.618041992188
1504.49438476562 511.055908203125 1506.88061523438 471.822570800781
1323.68041992188 610.570922851562 1347.55615234375 568.921264648438
1923.19067382812 231.256393432617 1937.43542480469 200.917175292969
1578.4912109375 993.060791015625 1670.66857910156 956.131713867188
1634.18493652344 954.76416015625 1704.80163574219 918.461364746094
1552.4404296875 994.759216308594 1643.42700195312 955.650939941406
1549.83984375 984.800231933594 1636.29467773438 947.541748046875
1443.27209472656 913.706298828125 1507.3193359375 876.030090332031
1587.26452636719 988.183898925781 1680.24157714844 949.401916503906
